0 400
2 400
4 54 501 760 622 884 591 776
6 760 31 204 726 847 591 776 148 832 73 622 839 206 54 187 158 840 287 137 400 644 855 221 427
7 528 626 946 272 575 573 714 754 428 721 950 37 406 181 638 934 287 840 148 726 152 158 776 847 73 501 137 408 884 336 400 206 760 187 31 204 832 420 24 591 622 644 855 943 929 460 20 664 952 32 794 321 413 675 8 235 624 182 439 795 968 836 251 691 844 163 911 535 763 144 151 106 210 150 793 752 366 886 772 121 688 319 954 948 424 680 329 823 427 557 429 21 105 669 564
9 840 187 622 137 54 501 760 753 400 206 158 152 638 644 877 300 221
10 638 31 206 400 54 287 143
11 501 54 400 206 638 287 760 371 31 573 428 623 309 689
12 408 776 832 54 137 148 336 591 760 187 622
18 839 776 832 54 287 158 336 187 934 501
19 287 371 206 760 187 39 854 725 629 979 926 164 809 29 350 504 196 996 836 106
21 400 840 776 54 847
25 784 510 836 106 454 844 90 31 760 54 919 776 501 622 765 753 400 591 148 187 371 952 32
26 623 309 619 242 652 689 568 343 934 152 148
28 975 707 692 883 339 120 842 773 62
29 953 870 513 471 632 856 154 659 134 647 713 857 146 640 521 991 557 331 751 83 105 21 940 429 363 35 131 772 319 836 844 251 644 482 584 680 536 427 573 714 406 428 925 950 975 883 327 638 371 420 206 31 287 400 54 501 760
30 206 137 638 54 420 287 776
33 400 54 501 638 31 420 644 221 952 32 680 329
34 760 776 31 501 847 371 73 400 765 839 753 884 919 934 152 408 591 528 275 575 634 626 162 772 319 710 194 4 525 711 288 818 669 700 564
36 158 839 31 206 187 400 501 148
37 836 844 251 106 287 638 501 760
40 460 444 748 680 585 638 847 400 206 501 832 158 31 760 776 54 408 919 753 204 726 73 420 591 187
43 765 31 919 152 760 400 287 839 776 73 657 638 753 371 206 54 832 158 408 387 202 121 319 301 198 248 348 528 575 634 272 162 626 275 460 974 472 444 748 784 510 836 106 676 844 90 116 302
44 760 31 206 54 400
45 836 844 106 911 691 454 757 7 38 904 283 311 568 701 301 248 198 348 155 933 852 680 329 169 823 4 288 818 711 116 270 768 93 528 626 575 634 162 272 88 332 275 137 152 760 287 158 408 501 73 400 638 371 187 31 54 206 840 784 510 801 452 954 948 424 899 772 319 33 202 688 427
46 726
47 371 400
48 158 206 400 638 73 760 591 137 622 408
51 152 934 137 408 501 776 73 726 840 336 371 400 31 884 832
55 31 501 54 839 287
56 175 730 419 830 836 691 683 163 762 227 918 745 923 289 259 24 371 187 158 753 591 776 73 336 204 760 573 950 428 714 784 510 801 452 772 80 319 688 16 427 680 536
58 204 408 726 24 776 371 884 832 919 934 187 657 148 753 840 31 760 400 591 501
61 847
62 137 840 760 31 622 158 847 501 187 776 206 726 54 152 591 638 148 832 24 765 753 919 568 343 34 701 623 309 689 211 971 242 103 139 189 390 790 411 524 167 467 474 681 802 351 708 757 38 283 904 311 900 605 841 966 920 741 460 444 680 329 644 221 855 952 32 427
64 408 152 753 776 158 591 54 31 919 839 622 836 844
66 753
67 158 839 54 206 336 638 776 772 319 680 329 536 644 855 221 427 836 106
68 760 638 73 31 206 847 371 24 839 884 420 54 158 776 152 753 765 919 934 501 287 408 832 623 309 689 952 32 784 452 143 680 329 573 428 427 644 855 221 825 836 106 460 833 433 974 285 614 263 68 630 340 444 472 299 548 894 664 748
72 638 206
74 726 408 31 776 137 158 622 148 501 847 591 400 187 839 832 760 557 384
75 400 919 753 137 152 73 765 371 839 148 31 24 657
76 954 899 424 501 54 638 206 158 776 760 400 150 346 793 752 693 680 536 836 844
79 400
86 361 791 233 914 379 238 286 5 930 232 222 534 39 854 979 629 725 282 266 644 855 221 877 929 308 532 742 300 719 557 429 363 79 131 21 83 35 951 573 950 469 714 925 588 306 428 406 903 265 325 447 324 181 253 908 739 378 604 737 975 599 146 991 292 137 158 187 54 622
88 816 74 9 709 228 158 638 408 54 206 726 776 137 187 710 194 836 691 106 143 772 389
89 420
92 336 591 371 760 847 622
93 954 899 424 260 158 501 847 31 24 148 840 832
97 836 106 844 691 911 604 737 573 618 739 631 428 306 925 205 714 950 908 328 160 124 392 891 329 823 169 772 319 528 272 275 575 301 348 460 748 444 472 974 664 638 847 760 287 31 206 839 776 158 54 934 644 855 427
99 839 206 638 622 187 760 753 919 644 300 71 929 312 742 221 493 855 149 308 931
100 54 206 760 420 31 158 591 137 371
101 573 428 306 420 158 408 753 726 54 847 919 287 152 73 501 776 137 148 336 204 371 31 187 400 622 24 657 832 934 591 760
110 954 836 848 680 536
111 644 221
114 24 919
118 158
124 158 137 206 408 726 954 424 899 260 156
126 287 501 206 638 408 137 187 371 760
128 148 54 776 336 726 206 31 501 839 24 622 187 204 836 680 329 823 536 169 278 15 720 941
140 408 287 73 760 371 152 836
141 573 739 618 849 950 306 714 903 428 978 607 443 173 760 753 152 501 919 776 408 158 73 54 206 839 287 847 934 137 420 204 765 187 371 31 400 622 726 24 832 591 148 528 575 623 309 689 94 242 619 103 139 212 390 474 568 701 757 283 904 311 7 900 180 523 966 741 762 478 289 794 498 813 413 321 783 150 793 836 56 106 151 210 691 844 644 855 221 135 742 308 300 149 680 329 536 823 169 143
143 528 626 272 575 680 329 823 592 169 152 760 206 408 638 400 839 158 884 204 836 106
144 772 121 319 204 622 408 776 753 919 832 760 31 148 187 336 840 839 591 24 54 501
145 501 638 158 400 152 137
146 680 536 15 720 823 169 585 329 278 568 12 715 587 343 701 415 819 113 256 335 6 508 310 668 475 353 460 444 748 472 644 742 300 732 491 877 889 297 584 931 719 855 529 448 149 929 221 981 784 510 801 39 725 854 266 757 334 878 7 311 283 976 957 811 576 904 799 641 560 557 35 21 949 83 806 79 786 429 363 648 623 28 242 94 63 506 619 309 646 803 689 702 211 190 787 565 562 456 328 891 160 816 709 9 74 556 206 530 420 187 501 847 54 622 638 440 776 919 287 31 400 839 934 832 591 840 884 148 158 760 726 152 408 137 794 321 590 413 439 498 127 795 241 337 783 813 514 528 162 275 626 272 520 575 634 88 952 921 677 32 262 140 954 260 424 899 948 156 836 636 210 435 421 779 848 56 989 480 497 541 676 535 98 237 694 608 144 106 763 163 691 844 251 90 199 151 374 454 395 911 683 168 4 526 525 288 818 711 902 301 198 756 254 122 99 531 157 248 738 727 348 517 762 78 227 370 289 414 785 543 53 578 825 425 138 986 139 212 189 390 790 551 391 167 412 471 154 856 953 115 870 474 647 857 573 903 849 950 925 607 533 800 265 325 618 428 739 42 205 173 114 579 659 246 134 975 62 707 883 773 361 914 791 291 230 29 196 350 504 143 427 150 793 772 637 859 387 821 389 319 121 202 33
148 206 54 638 31 839 152 400 760 73 408 776 24 137 832 158 187 287 622 591 336 573 739 325 790 391 733 167 412 568 701 757 283 7 794 813 498 413 321 439 644 300 855 877 297 500 742 221
150 54 760 187 726 400 832 622 591 934 501 287 158
151 832 371 408 137 501 400 760 934 336 884 187 726 839 776 158 753 622 24
153 146 521 778 128 119 915 357 347 991 907 11 292 873 640 81 666 96 519 573 428 950 714 739 836 251 844 150 752 294 463 195 793 826 366 693 346 656 61 226 218 642 49 672 13 552 407 258 323 866 769 839 371 832 206 726 73 54 501 158 934 622 152 137 847 24 919 840 760 187 884 591 765 336 204 400 638 408 31 753 776 998 685 518 112 734 393 238 286 930 416 450 213 814 417 39 725 854 766 939 574 132 101 987 295 284 460 664 954 424 899 948 772 319 121 688 528 634 946 626 162 88 272 575 784 452 57 801 510 116 302 582 93 768 427
155 371 919 54 622 760 847 753 187 501 24 680 536
156 839 501 73 884 54 31 776 400 152 158 760 840 753 138 798 649 986 660 900 180 523 757 283
157 644 855 988 529 71 622 31 73 287 776 400 760 832 847 54 206 501 573 739
159 919 753 158 287 73 776 408 54 638 206 840 501 726 591 336 204 400 31 187 839 137 934 622 760 772 16 637 319 70 688 427 644 855 300 149 221 929 305
164 573 428 443 306 680 329 644 448 837 108 855 89 214 221 308 500 482 804 981 931 742 877
165 408 919 54 187 622 753 137 847 158 150 693 793 366 764 752
166 31 24 753 726
168 371 760 400 657 152 753
188 371 427
191 501 726 832 839 776 187 31 622 591 336 73 657 919 158 934 206 638 760 847 753 840 884 204 24 137 148 772 389 859 319 387 836 844
192 772 121
193 301 348 157 54 638 187 776 206
195 137 934 420 839 657 408 726 148 591 24 152 158 287 847 501 776 73 31 206 54 371 187 638 760 832 204 400 840 884 530 765 622 143 29 504 996 350 196 573 739 714 443 978 925 325 618 173 950 428 754 936 479 42 609 908 810 147 306 130 588 484 961 537 555 722 522 146 466 882 243 460 664 644 995 804 837 719 686 221 855 532 500 931 929 149 300 742 877 981 448 762 684 289 836 90 106 454 251 844 528 946 626 162 88 634 272 575 794 498 590 813 413 321 783 772 70 202 121 319 688
197 501 54 839 400 206 31 760 847 371 638 287 32 644 855 680 329 784 452
214 669 700 760 400 371 73 753 919 776 765 591 622 54 187 287 726 158 152 137 840 408 206 501 232 222 534
216 836 106 144 844 776 187 760 591 408 934 54 420 622
217 24 753 839 919 760 371
219 794 321 439 813 413 498 644 931 929 300 742 877 221 998 518 699 219 685
223 39 854 979 460 20 748 444 638 919 776 287 158 501 832 622 137 54 408 206 400 753 839 24
225 638 158 187 137 400 408 954 424
226 158 206 760 528 575 626 634 272 162 88 275
228 934 148 137 726 408 158 638 776 73 501 839 622 54 336 206 400 31 840 884 832 591 187
229 776 638 148 591 336 400 206
232 400 839 287 884 73 776 54 919 31 204 934 148 657 753
236 919 371 206 760 400 420 158 836 106 784 452
237 143 832
240 158 847 753 591 776 934 622 152 501 919 400 73 408 137 840 760 680 329 536
249 106 844 691
250 952 32 301 248 348 150 294 693 752 793
253 150 294 195 693 366 752 764
254 644 877 954 948 156 622 839 371 408 400 148 726 31 501 158 776 840 137 884 836 454 844 106 784 510 801 452 174 704
256 420 54 204 776 622 638 158 187 726 206 840 427
258 31 753 420 287 591 919 726 400 148 776 501 371 206 336 760 934 187 204 158 657 73 757 283 311 397 623 689 242 309 652 900 841 790 474 568 701 644 855 221 300 742 988
259 772 859 319 202 635 175 419 528 275 634 501 371 336 158 400 776 765 152 726 137 753 840 187 31 408 568 701 385 139 390 966 741
262 816 178 670 9 74 792 669 564 700 926 809 164 760 206 287 638 400 839 158 501 54 847 301 198 348 157 248 573 618 306 925 325 975 773 842 39 854 868 772 566 319 170 653 528 626 575 272 954 948 424 836 844 911 251 644 855 221 680 329 952 32
265 501 54 400 206 638 420 760 644 855 221 623 309 689
272 644 529
278 726 137 622 158 73 847 148 776 840 832 934 760 187 400 24 54 204 591
279 528 626 946 272 575 400 31 847 152 753 760 726 73 158 919 187 501 137
283 760 371 31 776 847 187 919 622 753 287 54 840 501 158 726
286 400 760 54 501 287 206 847 638 31 919 152 884 24 187 420 839 765 726 776 622 336 836 106 844 772 859 389 665 680 329 585 169 954 424 899 427
288 138 986 464 638 31 206 400 371 54 760 501 919 573 950 836 106 644 855 221 427
293 152 400 776 726 934 31 73 760 772 637 319 427
294 760 137 501 158 152 187 408 757 539 38 397 311 568 964
295 753 919 287 884 31 591 840 54 73 204 187 336 934 776 232 222 534 39 854 868 725 977 629 184 860 865 150 752 793 764 97 693 886 294 195 463 680 329 644 877 221 300
297 150 752 366 294 73 31 400 772 319
302 644 529 732 855 719 221 929 681 790 467 161 167 776 400 158 287 54 839 832 622 623 242 309 689 619 652 966 741 474 568 701
304 501
305 900 605 420 287 760 934 31 622 638 847 832 187 776 400 206 54 591 644 221 300 877 680 536 585
306 975 354
309 501 206 839 73 158 408 832
312 31 638 54 400 501 760 420 839 158 680 329 427 644 855
313 137 501 760 54 187 840 836 691
314 836 251
316 187 440 622 54
320 757 349 137 884 832 657 934 287 776 501 158 152 591 31 765 760 187 73 371 530 54 420 622 836 911 844
322 31 206 760 400
323 622 158 148 54 204 934 840 187 287
324 371 776 54 501 206 638 158 839 73 836 691 844 454 163 251 106 772 859 319 680 329 169
326 116 768 966 741 920 50 746 528 275 272 634 575 573 950 903 714 42 739 618 139 189 390 772 319 361 791 914 762 923 370 289 816 9 709 670 74 416 213 593 125 695 687 465 298 777 669 700 564 623 689 309 619 757 799 311 904 568 701 335 204 287 400 591 420 31 54 501 336 934 832 158 73 622 840 137 148 839 644 855
335 187 501 919 776 54 622 287 638 934 206 137 400 680 329 975 883 573 739 714 428 925 762 227 289 58 825
339 784 801 510 840 152 726 148 400 206 420 760 954 424 899
340 952 32 400 73 765 919 753 24 776 158 148 371 591 657 31 204 934 206 573 714 428 739 528 162 575 275 150 752 294 693 793 886 366 764 195 757 283 904 311 7 772 244 896 121 41 59 389 635 821 387 33 319 106 90 911 163 844 251 848 691 784 510 174 801 452 165 57 704 301 727 348
341 832 400 187 776 591 622 336 204 148 73 726 408 287 158 884 150 294 764 693 366 752 793 195
349 726 31 776 501 54 847 839 760 148 204 24 840 884 622 591 753
352 187 158 148 336 847 919 884 934 776 204 31 54 753 832 839 840 137
354 158 501 591 840 622 54 776 152 137 726 187 832
355 726 622 591 158 31 206 148
362 669 700 564 528 634 272 900 523 138 986 701 790 303 167 328 891 757 612 816 670 709 74 9 31 638 420 206 501 760 400 287 54 847 623 309 689 743 318
365 420 765 158 919 760 400 137 187 638 501 884 54 31 726 206 847 622 836 106 844 680 329
369 137 152 371 287 24 776 726 31 591 839 934 501 836 680 329
370 132 987 528 626 272 275 575 162 634 88 822 717 796 473 511 985 104 116 93 768 954 424 301 348 248 371 287 31 760 839 54 400
371 975 327 938 707 883 339 744 843 773 62 794 413 8 498 813 514 321 783 916 439 127 795 654 624 675 590 182 54 847 591 776 726 760 622 187 840 557 363 949 994 751 648 806 429 35 105 951 728 83 874 997 261 21 442 131 79 365 786 487 568 12 113 828 30 538 335 701
373 158 408 501
374 501 638 206 54 152 187 137 158
378 591 832 952 32
380 622 31 187 501 137 148 840 408 847 287 158
382 528 634 575 272 952 32 152 206 137 638 726 760 54 776 408 622 158 187 784 510 452 174 57 74 9 670 228 39 854 725 977 868 979 629 772 688 319 836 844 251
383 206 776 760 152 148 158 622 919 501 187 31 638 287 54 408 832 137 591 934 840 954 948 424 427 952 677 669 700 564 836 144 199 772 319 816 74 9 573 579
385 954 899
386 158 501 622 400 152 638 206 73 54 336 148 31 839 24 187 776 528 272 162 626 836 251 844 106 301 157 348 427 772 121 319 688 202
388 301 157 198 348 73 158 638 400 152 772 389 319 477 33
389 952 32 975 883 773 18 150 752 474 1 322 103 92 301 248 122 348 116 768 900 967 841 523 747 836 844 106 251 90 210 168 454 636 982 794 439 795 813 413 783 498 825 170 762 64 289 414 954 424 772 781 319 859 637 16 635 54 501 420 638 206 400 760 371 287 776 427
391 772 319 900 180 523 790 167 412 391 524 659 342 134 573 428 950 714 908 204 408 622 287 847 440 934 152 400 158 760 371 420 638 31 54 206 839 24 840 591 187 832 336 884 148 137 501 776 657 765 919 726 753 975 692 153 843 661 599 422 62 707 339 883 327 354 938 842 784 510 328 891 6 310 668 953 870 51 176 103 528 634 474 757 799 283 904 311 7 471 910 958 185 589 850 559 154 952 32 921 139 189 390 568 587 12 819 335 701 966 741 460 444 748 644 855 297 291 230 794 498 8 590 514 795 413 813 439 321 816 709 9 623 309 689 427
393 187 400 760 501 408 622 54 206 591 772 389 644 221 877 300 836 454 90 106
394 24 187 287 839 54 776 726 622 760 832
397 836 844
398 832 839 776 591 336 884 158 408 54 400
399 776 638 137 158 31 206 840 836 911 106
405 839
406 24 753
407 760 832 152 840 591 622 847 776 765 137 371 501 839 420 31 187 400 884 204 934 919 408 287 206 54 638 726 148 753 73 158 336 24 644 300 877 221 772 389 106
408 591 919 753 847 31 839 691 163 757 311 283 397
410 760 187 137 158 73 753 408 400 847 840 287 622 638 206 54 919 591 884
427 726 776 336 840 847 137 591 24 884 400 622 934 187
429 501 206 638 158
430 137 622 187 753 206
434 760 206 54 839 287
436 158 408 638 152 287 776 501 400 73 206 54 137 840
440 657 148 591 187 622 204 73 847 753 420 336 206 638 919 31 776 150 793 826 693 752 764 195 294 366 463 836 844 691 427 772 319
443 501 54 840 158 836 691 844 106
445 150 693 752 793 294 784 510 452 174 644 221 877 300 742 680 329 169 591 420 371 847 204 31 54 839 24 187 158 884 336
446 840 847 765 760 622 73 832 31 501 152
447 54 919 776 371 31 158 408 24 206 591 287 137 638 622 832 753 400 73 760
448 760 54 206 31 287 638 400 336 919 158 152 408 776 187 137
449 644 855 221 300 742 149 772 688 319 637 781 836 844 210 106 691 911 636 98 116 768 420 206 158 137 760 54 776 187 622 152 73 460 748 433 444 785 543 344 418 215 812 680 329 169 823 585
450 753 591 400 31 657 919 148 760 847 622 24 187 54 836 691 683 952
452 158 638 137 206 420 152 501 776 528 887 626 272 575 836 844
455 772 389 319 206 836 911 844
456 31 206 501 54 839 32 836 106
457 206 622 73 187 54 501 840 137 158 776 836 691 251 844
458 836 56 848 251 106 98 395 691 163 210 199 497 954 260 424 116 768 638 760 400 206 187 408 54 158
460 836 911 844 31 638 847 501 776 371 158 408 760 753 24 73 204 152 137 187 400
464 206 158 638 934 287 73 622 657 847 336 31 832 400 760 952 32
465 106 454 143
469 501 832 760 206 839 622 776 187 638 884 287 591 836 691 528 275 162
470 836 691 844 163 106 790 167 412 430 467 776 31 840 206 919 622 204 336 760 187 934 400 371
475 638 73 622 206 400 187 501 760 287 772 319 688 836 844 911 106
476 832 24 884 839 847 54 336 622 591 657 148 934 726
477 622 760 187 158 137 400 776 24 847 54 840 832 839 336
478 776 501 204 591 137 760 934 187 840 847 832 73 622 839 530 54 371 400 753 148 919 31 24 158 152 408 657 836 844 106 251 676
479 31 847 158 54 919 501 840 591 400 187 371 137 753 24 573 950 428 714 146 347 669 564 784 452 510 165 174
484 847 400 31 54 73 622 934 726 137 158 591
486 659 134 460 664 444 472 748 471 154 953 892 239 870 328 891 291 230 516 288 818 711 954 424 899 137 371 591 622 31 158 287 760 847 501 73 776 420 204 206 726 336 148 884 753 832 919 934 408 840 54 400 187 152 839 138 986 623 309 139 390 966 741 757 7 900 523 822 796 473 717 511 104 985 380 794 321 8 413 680 823 329 644 877 300 221 855 952 32 427 836 844 772 655 637 611 697 319 202 688 528 575 150 294 693 752 793 301 248 157
487 822 473 104 511 934 24 54 753 31 919 760 591 204 158
488 836 691 683 163 137 24 847 591 408 206 54 158 919 622 832 884 776 400 934 187 474 623 689 309 619 652 568 701 966 741 139 390 757 311 790 467
491 573 428 925 950 721 657 204 919 753 31 54 187 591 934 622 832
495 158 772 319
498 501
499 573 739 618 428 533 908 325 705 306 950 714
502 400 287 726 776 638 622 501 54 137 73 760 187 158 206 204
503 772 319 389 680 329 644 855 221 300 877 836 151 844 206 785 53 578 427
504 150 294 195 626 946 162 644 300 221 529 877 732 981 772 821 206 371 158 501 622 760 54 638 776 836 106 454 844 163 691
506 644 855 300 221 929 71 742 981 877 836 844 691 772 319 794 795 757 283 7 138 986 622 31 832 934 839 54 206 501 591 400 371 847 158 408 204 148 726 73 137 753 765 336 287 760 6 668 310 790 412 467 167 524 391 966 920 741 139 390 623 689 309 652 619 242 568 701 952 32
507 776 158
508 54 657 832 408 765 884 24 840 591 158 400 460 664 748 444 882 243 155 933
509 836 844 251 680 329 536 206 776 54 501 638 336 622 137 591 187 331 429 269 363 79 21 131
510 623 619 702 689 242 568 150 752 793 693 366 294 764 206 54 400 760 187
513 794 54 776 501 206 847 31 287 623 309 689
516 772 389
517 206 371
518 501 187
524 760 54 408 73 501 400
525 137 919 622 753 371 187
526 638 847 934 187 839 840 73 622 591 726 501 206 148 336 54 371 753 24 204 884 158 400 137 760 152 31 776 528 272 772 202 33 319 121 179 829 836 844 144 29 196 504 350 644 742 855 300 221 308 149 427 743 750
527 206 54 158 622 408 919 287 336 400 420 753 840 776 501 187 669 564 700 644 221 855 988 532 584 836 106 844 954 156 424 680 329
530 158
533 528 272 626 54 501 760 152 73 832 622 158 187 301 157 348 836 251 844 106 757 311
534 772 33 319 680 536 329 528 634 275 501 919 287 776 408 638 158 137 206 31 760 54 832 884 839 187 836 844 251 691 106 163
536 501 206 54 400 832 408 420 336 204 187 622 528 575 634 836 106 844 644 221 877 427
539 158 206 408 726 187 919 31 753 760 501 836 844 106 251 784 510 704 452 801 644 855 895 877 221 742 680 329
540 187 73 54 776 137 760 31 622 400
541 501 400 73 420 206 336 54 591 760 204 952 32
549 501 420 206 287 371 638 760 329 644 855 623 689
556 106 54 371 187 73 400 137 152 760 408 840 158 776
557 638 501 760 206 847 840 152 408 158 622 187 776
560 753 591 31 776 760 73 204 919 400
561 753 919 24 400
562 528 575 626 272
563 836 844 691 106 954 424 557 728 43 786 871 874 372 997 429 21 261 131 751 949 79 83 806 975 327 883 599 762 370 684 289 478 805 952 32 644 855 400 54
564 836 691 847 187 839 54 148 336 934 31 24 622 884 501 726 840 919 753 400 137 158 204 776 408 73 760
569 206 137 158 776 760 73 187 408 400 204 765 152 287 772 665 319 121
571 301 861 348 427 772 821
572 644 300 855 742 981 221 877 557 429 35 105 136 806 21 772 319 54 776 847 336 187 206 591 622 420 31 474 123 568 701 358 343 715 12 794 321 783 413 813 498 654 307 590 8 862 762 227 58 684 259 457 918 923 623 309 689 619 242 652 94 427 952 32
573 206 400 287 638 371 420 158 427
577 954 424 899 260 158 408 206 776 137 934 116 302 528 272 575 634 520 946 836 844 691 163
581 975 773 39 266 854 979 836 844 691 772 202 319 460 444 748 714 431 618 428 739 950 794 783 813 413 321 498 568 701 790 412 467 757 283
584 371 187 753 54 336
585 490 673 460 748 680 585 823 278 329 152 24 776 840 760 753 501 148 54 158 934 844 691 952 32 921
586 836 844 106 691 90 420 73 760 287 623 242 689 309 757 311 38 790 161 467 382
592 73
594 644 221 71 300 877 888 669 700 710 194 206 501 408 158 638 39 854 629 460 748 444 106 90 454 844
596 622 31 919 54 776 832
600 622 187 287 776 753 919
601 623 619 689 6 668 310 790 167 757 7 283 644 221 931 500 138 986 568 701 680 329 287 73 638 206 753
604 187 919 54 420 622 158 680 536 644 584
606 836 106 844 90 251 954 424 400 839 408 206 73 287 31 638 54 501 24 158 760 152 137 187 776
607 54 501 726 137 408 839 158 187 776
609 680 329
610 287 760
612 301 727 836 106 844 691 911 163 251 763 644 482 954 948 424 899 680 536 329 169 409 941 780 586 934 726 137 287 158 776 73 622 840 336 206 760 420 400 591 54 187
616 919 187 760 54 776 839 657 24 204 753 336 832 884 591 836 844 251 772 319 387
617 371
619 622 591 638 760 287 919 400 54 206 501 31 187 152 371 753 158 204 148 137 776 884 839 680 823 669 700 975 339 843 773 62 707 573 572 890 961 488 581 739 825 952 32 427 644 221
620 187 919 287 839 400 54 760 638 31 206 591 137 840 371 501 884 204 622 847 152 158 669 700 644 300 221 981 877 825 680 823 329 573 572 961 739 618 890 427 32 975 773 339 707
622 644 719 280 529 732 214 158 206 73 54 776 501 187 591 622 934 420 414 573 579 301 727 348
623 757 311 7 680 536 329 169 823 762 289 370 790 167 412 644 855 221 300 742 981 929 931 776 206 638 31 934 622 204 54 832 591 187 847 760 137 287 408 158 840 148 24 336 146 466 573 714 739 618 428 306 701 623 689 242 309 619 836 844 251 427 952 32 921 794 321 413 112 735 393 998 518
624 776 400 847 31 336 152 919 204 591 158 832 934 137 760 726 24 840
625 371 839
626 287 371
628 31 622 839
629 753 919 73 31 54 158 765 840 622 187
630 31 336 206 24 638 840 187 54 158 501 301 348 198 248 772 202 319
632 501 287 158 31 847 54 760 371 836 106
633 408 840 622 776 54 137 726 934 158 24 839 204 591 919 530 148
635 840 206 187 622 54 501 638 287 836 106 454 210 844 772 319 427
637 301 157 348 248 934 832 501 622 839 947 187 825 516 772 33
638 408 839 158 501 638 622 187 420 400 884 206
644 206 760 400
648 966 757 311 408 206 187 470 17 377 573 607 903 739 900
649 206 371 760 501 400 54 158
654 400 776 31 371 753 408
656 73 726 148 137 622 840 839 934 919 847 408 287 884 832 54 187 776 400 760 371 336 753 657 591 204 31
657 776 760 31 204 24 336 934 591 54 408 116 270 93 768 954 424 427 528 162 272 575 88 634 275 332
660 680 536
663 836 844 251 148 137 839 776 73 638 31 54 400 287 726 760 765 884 336
664 427
665 371 31 753 657
666 501
667 400
671 975 883 327 707 773
675 148 187 776 137 760 158 408
679 420 638 206 776 840 760 400 73 501 158 137 591 622 187 408 726
681 400 158 408 501 31 206 187 638 148 591 152 73 137 760 657 726 287
688 680 329 557 105 949 21 79 429 73 158 408 287 776 400 638 31 54 840 839 371 760 187 501 206 591 137 884 753 148 952 32 203 677 794 8 413 321 179 829 772 319 821 896 6 310 668 138 986 623 567 689 309 971 652 619 242 28 702 103 139 390 316 212 189 790 391 815 662 524 161 467 167 412 123 51 176 190 787 565 681 708 568 496 34 343 113 715 335 12 701 757 283 904 311 7 966 741 474 900 180 523 801 452 510 427 836 251
690 622 776 726 847 187 836 691
691 137 591 24 408 187 836 691 680 329
692 54 840 847 501 760 832 638 187 420 884 753 765 776 137 919 400 573 950 739 265 609 714 306 618 680 536 836 911 683 199 763 691 163 251 816 2 74 9 669 564 700 644 108 491
704 836 106 844 680 329 408 753 158 622 187 400 73 591 919 148 760 765 204 31 501 152
705 839 776 31 187 884 847 726 919 622 400 137 753
707 622 187 54 776 501 847 158 400
708 839 919 776 934 622 591 31 148 336 24 884 204 832 847 753 158 760 152 137 371 400 726 408 73 840 187 765
709 760 73 148 400 54 31 776 919 839 726 934 152 158 408 847
713 206 187 54 31 638 137 73 622 776 336 753 152 204 832 934 501 400 24 591 726 573 579 644 855 221 143
721 501 765
722 573 428 950 903 790 467 430 412 6 668 310 139 390 474 757 976 904 638 760 73 31 54 501 206 919 776 591 400 187 24 847 408 622 623 309 689 242 568 12 701 966 741 834 920 459 836 106
728 966 944 359 610 834
732 287 371 400 839 54 776 204 622 31 158 336 24 847 726 137 765 760 753 840 934 832 884 784 510 452
733 206 638 371 54 158 760 287 836 106
734 54 839 400 206 501 31 371 638 158 287 836 106
737 836 844 90 106 144 760 420 31 148 622 187 776 158 54 336 204 934 726 847 73 591 137 680 329
743 400 760
745 400 371
748 54 591 143 739 618 533 306 602 607
750 73
752 206 638 919 622 591 148 24 840 839 501 54 287 847 726 204 400 765 31 137 187 158 776 408 934 623 689 242 652 774 619 568 701 12 496 965 715 790 467 161 474
753 4 288 591 400 371 622 760 776 158 137 54 336 408 784 452
763 301 727 946 575 954 948
766 427 321 498 813 420 638 206 158 680 329 557 105 22 136 21 429 363
767 836 106 454 251 844 427 644 300 149 221 855 187 832 158 371 287 839 400 884 152 919 753 760 420
770 158 726 760 137 287
771 287 501 158 54 638 206 408 622 187 148 760 776 31 836 251 844 680 329 536
775 73 839 776 400 832 591 622 148 884 187 900 180 523 835 836 163 691 757 283
776 501 726 54 187 840 440 408 158 760 832 591 206 152 622 400 137 4 711 818 288 954 260 899 922 948 836 844 210 106 151 911
777 847 760 638 919 501 726 884 622 73 591 187 776 836 251 844
778 336 73 832 187 158 287 776 54 760 400 137 31 622 726 836 691 844 454 528 272
779 760 204 287 31 158 501 400 371 427 528 272 626 162 275 634 836 691 106 251 844 683 763 952 32 921 863 772 389 821 244 477 387 859 319 644 300 929 71 221
780 39 76 629 854 725 979 184 54 206 158 776 840 187 622 638 501 757 283 878 836 844 361 791 379 573 205
781 400 336 776 31 501
783 622 400 501 591 148 760 31 187 776 336 832
787 772 121 836 691 844 573 631 428 950 192 714 644 221 877 300 31 187 54 760 408 638 657 832 206 287 501 336 73 371 24 622 919 776 148 840 137 591 847 884 400 839 765 204 934 420 158 146 292
790 143 772 389 688 319 896 836 691 844 144 163 106 911 501 158 919 336 73 400 31 776 726 934 187 760 765 591 54 840 204 371
791 148 336 501 591 847 832 73 726 204 152 622 187 840 31 408 400
794 408 400 31 776 638 206 765 591 158 336 371 204 839
795 836 844 106 408 760 287 206 840 420 400 919 726 137
796 287 148 501 408
797 832 622 54 187 591 760 158 776 408
798 760 765 31 400
803 776 760 206 638 31 839 54 204 836 844
812 501 591 760 24 400 622 832 776 54
814 139 755 189 390 966 741 557 35 806 79 429 471 154 953 239 200 870 528 946 575 272 626 568 701 831 12 385 446 496 34 715 992 343 335 44 113 644 877 300 929 221 855 680 536 24 919 31 726 657 847 753 765 400 54 832 591 776 187 622 884 839 137 287
817 501
822 158 840 501
824 836 251 301 254 531 158 206 638 760 408 137 840
825 420 760 152 408 726 287 400 952 32 762 923 954 424 836 106
826 31 54 753 591 137 158 408 148 336 776 760 73 622 765 501 187 400 836 691 683
827 760
836 400 31 934 336 760 776 204 137 622 726 158 840 148
837 501 884 137 622 839 840 832 152 638 919 158 24 657 765 206 760 187 408 371 336 753 31 54 400 591 528 634 520
842 680 329 24 187 622 591 760 158 840 137 408 400
843 836 844 106 90 776 726 158 408 501 638 760 187 137 54
845 839 776 884 832 54 158 187 287
847 680 329 585 536 169 644 300 221 877 336 839 31 591 934 776 832 726 54 884 622 158 148 657 73 847
849 776 336 24 934
851 287 54 204
852 400 832 839 591 884 73 31 148 657 158
854 400 776 158 638 765 501 206 187 836 844 691 763 251 528 946 575 573 192 428
857 54 408 158 919 501 206 657 591 336 753 137 204 760 187 884 840 934 400 638 528 575
858 400 287 501 54 137 753 591 919 24 187 836 691 844
861 408 776 400 54 501 73 622 31 760 420 187 726 657 847 591 753 919 24 424
865 400
866 501 839 54 776 591 206 73 638 287 137 934 622 884 408 400 152 760 420 623 689 528 575 272 520 634 644 877 300 221 149 855 954 424 899 948 427 680 536 836 454 210 636 844 772 70 319 688
867 400 371
872 371 31 73 400 760 501 776 839 765
875 31 638 919 206 408 287
884 54 776 501 847 760 400 622 24 187 408 591 287 528 575
885 400 501 148 884 31 680 329
888 726 501 839 54 287 776 31 760 408 919 187
889 760 158
895 622 591 753 840 919
896 187 137 501 54 776 847 148 591 31 765 622
898 73 622 31 408 336 158 919 753 726 840 187 934 148 24 400 528 634 275 162
899 301 727 348 772 389 573 739 428 903 714 618 950 961 978 306 607 712 836 844 251 163 691 535 144 31 919 158 336 622 657 776 680 536
900 765 776 24 400 884 919 753 31 839 832 287 934
902 143 591 760
909 31 919 204 206 776 158
910 776 137 158 934 622 206 54 73 501 31 847 148 187 840 400 591 336 408 760 726 638 839
912 784 165 57 801 510 452 704 371 760 408 31 753 919 204 24 591
913 408 832 54 501 726 847 187 840 934 884 839
914 832 31 137 934 760 622 408 839 501 776 726 400 371 287 148 336 591 54 206 24 204 187 638 158 919 152 460 472
916 832 840 919 776 753 187 934 591 137 408 847 501 622 158 794 514 822 341 271 505 320 644 221 584 742 308 300 108 500 981 280 574 987 86 193 836 691 844 911 465 777 952 921 680 823 575 301 348 623 309 669 700 39 854 427
917 501 840 206 73 148 420 137 152 158 408 765 726
920 847 840 839 501 206
921 760 371 31 152 765 400 753 54 657 591 839 73 776 408 934 420 832 847 622 187 840 24 137 726 158 501 919 287 206 39 977 868 629 725 854 201 184 865 979 623 309 242 689 619 702 211 426 794 321 8 127 675 182 813 235 413 403 36 474 952 32 203 998 518 143 159
925 825 371
931 206
932 760
934 776 24 31 148 204 884 760 934 591 832 158 137 54 726 336 836 844
935 622 760 839 54 776 840 591
937 408
939 760
940 408 336 726 839 776 591 622 187 934 24 204 657 400 836
941 501
942 206 158 776 501 408 638 187 152 54 836 844
944 760
946 31 187 54 148
947 501 753 31 187 760 832 847 776 622 591 400 287 137 54 840 726
948 836 844 591 24 158 919 31 400 760 622 884 847 137 832 54 638 408 839 726 206 840 934 657 187 152 501 680 329 536
951 760 408
955 528 575 634 272 275 626 158 336 622 847 934 501 840 726
956 760 400
957 400 408 73 54 501 137 187 622
959 137 840
961 54 622 847 408 591 884
962 760 336 776 832 206 148 158 839 24
964 760
965 329 31 825
966 427 680 329 29 158
967 825 111
968 371
971 975 773 707 339 883 659 134 247 133 706
973 952 32 921 863 140 864 274 509 794 321 413 813 439 498
976 760 420 400 329 952 32 427 644 221 825
979 427 143 622 501 187 137 591 158 776 726 206 73 847 765 839 836 844 691 816 74 670 2 228 9 748
983 24 206 776 934 884 336 832 148 287 638 158 839 204
985 54 753 408 919 839 840 148 591 187 137 152 726 427 836 251 844 772 319 688
989 158 501 400 408 137
990 836 691 844
992 839 776 760 501 287 884 400 158 638 206 765
994 420 73 847 400 31 54 158 726 137 408 760 622 776 638 794 783 413 321 8 644 855 929 300 680 329 536
995 638 206 54 776
999 31 753 148 158 622 501
1000 847 152
1006 840 501 206 158
1007 680 329 400 726 847 73 287 622 158 776 501 760 187 840 839 137 836 844 106
1008 623 689 309 420 206 287 839 400 847 638 31 54 760 427 573 428 680 329 143 644 855
1009 137 501 187 753 148 371 591 31 622 54 204 158 934 336 400 776
1010 204 934 884 919 622 187 31 776 400 832 765 839 73 501 840 408 847 753 657 137 760 148 158 591 726 152
1025 400 73
1027 644 221 300 647 453 857 217 328 891 723 124 160 54 591 839 776 400 187 919 753 158 152 934 137 760 31 148 73 726 622 765
1029 206
1032 408
1033 287 73 54 760 400 501 408 187 204 726 336
1037 647 713 770 857 6 145 310 668 336 420 24 54 287 839 187 622 400 884 726 847 934 158 501 776 591 760 638 31 371 206 753 408 204 840 954 424 948 313 960 436 474 623 60 782 441 28 689 790 486 568 701 150 294 693 793 644 300 500 877 931 221 855 445 448 772 896 59 387 821 33 680 329 836 844 106
1039 776 839 336 726 54 187 832
1043 954 948 424 137 408 187 158 206 501 772 33 389 821 528 162 634 88 275
1045 836 772 319 822 380 206 54 760 158 427
1047 24
1049 73 776 760 400 24
1050 400 31 137 760 73 106 844 251
1052 501 54 847 408 287 187 622
1054 158 204 54 148 287 528 272
1056 591 187 657 24 31 54 776 148 158 934 839
1060 54 839 420 501 206 638 31 400 427 855 680 329
1061 884 54 501 839 776 847
1063 24 158 206 31 187 847 622 840 408 137 591 726
1067 501 840 408 776 919 760 137 24 839 400 765 158 884
1068 760 287
1069 400 31 760 501 73 137
1070 187 54 206 638 884 622 839 772 33
1073 206 501 408 400
1078 776 726 336 591 31 934 187 204 840 760 832 501
1081 644 221
1083 557 429 21 304 853 767 568 701 757 376 7 283 900 180 523 420 726 31 855 221 836 106
1089 772 319 121 202 688 528 575 946 634 626 162
1090 776
1091 187 54 371 137 158 73 287 501 622 31 400 765 919 420 408 152 638 772 387 319 389 528 626 575 272 836 691 163 844 251
1092 198 348 772 121 202 566 319 665 680 329 158 501 206 638 408 776
1093 832 591 400 776 884 336 31 137
1095 591 73 187 336 400 839 776 847 832 148 884 501 934 24 784 452 801 57 510
1097 408 137 760 152 400 287 501 726 840
1100 591
1103 408
1104 54 501 622 847 148 158 287 840
1106 137 638 760 187 206 158 54 680 329 536
1107 158 622 187 54 408 776 591 73 760 847 726 371 400 840 934 501 573 978 609 597 908 428 714 950 205 146 640 292 11 596 521 466 128 790 161 412 815 551 438 467 23 568 12 875 44 757 576 623 619 426 975 599 744 938 883 773 339 707 62 900 523
1108 772 319 760 501 206 287 137 847 158 840 934 408 726
1110 760 501
1112 206
1114 24 839 204 287 832 591 934
1116 919 726
1120 187 501 840 137 54 408
1121 158 54 776
1122 622 840 726 501 847 832 54 765 591 31 187
1123 206 54 832 776 158 501 839 24 148 591 884
1124 760
1125 400
1126 206
1129 839 152 847 840 158 371 187 137 760
1131 287 420 760 206 501 680 329 644 855 106
1153 726 137
1159 148 31 622 152 591 137 158 776
1160 54 622 760 158 400
1161 54 408 206 152 776 622 420 934 884 839 840 591 137 143
1163 287 31 776 919 622 657 137 73 760 206 420 158 54 152 400 753
1167 557 429
1168 137 158 24 776 501 836 844 251
1169 371 934 148 204 776 919 847 158 753 622 31 400 591 765 24 187 726
1170 501 137 187 206 54 622 638 408 158 839 840 847 884 832 152 776 420
1171 760
1172 501
1173 158 501 137 726 73 54 336 408 622 206 934 287 400 776 187 152
1175 760 187 54
1178 400 776 501 408 760 54 158 204
1185 760 400
1186 158 73 400 137 501 638
1191 919 31 760 400 24 152 371 204
1210 54 622 148 31 638 206 408 158
1212 760 934 400 24 919 287 839 336 204 501 726 840 832 622 158 54 371 73 148 31 187 847 591 680 585 536 836 691 163
1214 287
1216 400 760 287 158 187 840 408
1218 760 206 762 227 745 58 923 259 918 457 625
1226 371 839 54 825 150 693 793 764 836 844 143 954 948
1229 832
1231 832 847 31 408 158 760 776 400
1234 371 31 501 400 152 287
1236 400
1237 934 408 847 776
1239 776 622 54 400 847
1240 206 638 760 501 287
1242 427 753 54 839 501 847 400 158 760 884 622 840 934 591 919 557 105 429 871 21 997
1249 753 187 840 400 54 884 24 622 158 408 31 726 137 776 148 847 152 919 73 591 204 501
1254 622 287 726
1256 726 934 187 336 760 591
1258 760 501 644 855
1262 776 884 187 31 622 73 158 400
1263 31 501 622 137 187 776 591 54
1266 680 501 839 137 726 622 840 24 776
1267 776 400 204 840 158 760 336 622 638 206 54 148 591 152 501 187 137 408 31 847 753 919 680 329 585 536 836 844 251 954 948 424 899
1268 644 221 742 929 300 54 187 336 765 501 760 776 832 680 329
