0 416 445 448 835 837 964
1 906
2 874 335 412
3 13 5 11
4 66 121
5 7
6 612
7 13
8 56
9 31
10 41
11 49 351
12 13
13 20
14 9
15 12 15 4 8 9 14 20 23 41
16 20
17 29
18 9
19 296
20 303
21 6
22 156 179 239 307 381 395 550 603 646 666 849
23 202
24 43
25 9
26 14
27 9
28 8
29 128 132
30 36 73 108 128
31 311 312 654 919
32 9
33 24
34 25
35 670
36 435
37 351
38 352
39 240 319 381
40 158
41 338 381
42 14
43 112 121 15 36 39 41 43 44 47 52 56 66 72 79 84 90 103 166 187 206 222 228 230 236 239 287 334 368 370 393 424 500 590
44 16 35
45 237 446
46 60 257
47 740 796 17 361 615 663 690 771
48 296 444
49 18 361 856
50 19
51 746
52 129
53 46
54 21 75 78 191
55 237
56 125
57 23 329 541
58 344
59 26 27
60 971
61 352
62 377
63 813
64 147
65 335
66 500
67 90
68 36 45
69 31
70 64
71 435
72 435
73 90
74 140 145 202 278
75 486
76 214 346 597
77 518
78 37
79 147
80 952 966 154 167 253 373 490 666 668 669 670 673 674 675 676 723 727 728 730 731 749 803 806 843 844 852 860 867 898 899 900 902 903 905 907 908 909 910 911 912 914 921 923 935 947 948 954 957
81 43
82 386 397 433 444 535 539 604 729 39 54 285 392 486 569 570 679
83 248 737 40 65 745 746 756
84 446
85 56 41
86 42
87 110 118 140 143 145 157 160 162 168 173 202 204 205 210 216 217 221 229 236 240 241 244 246 255
88 84
89 708 288 318 380
90 52
91 53
92 372
93 327
94 58
95 76 80 48 55 60 66 72 83
96 157 158 160 162 163 165 166 168 170 171 172 173 174 175 176 179 180 184 187 192 193 194 195 198 200 201 202 205 206 207 210 212 215 216 219 221 222 224 225 228 229 230 232 233 234 235 236 237 238 239 240 241 242 243 244 245 246 247 360 366 370 371 372 374 375 376 377 378 380 382 390 393 400 411 422 423 428 429 431 432 435 440 443 455 464 590 610 60 72 73 74 78 80 85 106 107 108 110 117 120 121 127 132 138 145 149 196 204 209 211 217 231 364 368 379 381 417
97 368
98 678 684 760 769 770 941 48 104 118 143 155 157 160 173 174 204 205 210 221 233 245 246 252 256 266 268 279 280 281 295 300 305 306 307 308 309 314 319 324 326 328 338 381 407 408 411 423 431 432 435 443 446 464 476 489 507 511 595 619 664 683 714 722 845 855 861 896 906 930
99 163 244
100 68 121
101 74 106 110
102 80 240
103 343
104 82
105 99 101 105 109 112 116 120 121 124 125 131 137 138 142 148 149 151 158 166 170 176 183 187 191 192 193 195 198 207 209 212 219 222 224 225 226 228 230 231 234 237 239 243 247 259 275 283 292
106 482
107 51 402 432 443 782
108 225
109 368
110 103
111 239
112 291 377
113 91 421 620
114 283
115 144
116 75
117 667 670
118 209
119 59
120 492
121 124
122 86 112 277
123 134 344
124 630
125 401
126 123 137
127 106 202
128 276 361 421
129 67 105 109 112 116 126 130 138 142 149 158 170 193 194 195 196 198 201 207 209 212 219 224 225 231 234 235 243 245 254 257
130 80
131 211 67 73 108 122 124 142 180 198
132 72 124 231 410 568 789
133 142
134 131
135 165 196 347 380 541 637 711
136 68 76
137 76
138 535
139 340 539 812
140 80 159 236 364
141 107
142 109
143 200 402
144 188 200 286 326 360
145 348
146 83 268
147 411
148 109
149 371
150 155 179 230
151 76 266 336
152 230 336
153 78
154 105 380
155 236
156 83 106 133 174
157 133 244
158 244
159 244 306
160 174
161 74 244 306
162 133
163 662 238 290 324 336 759 849 896
164 133
165 244
166 787 793 794 797 798 807 811 815 816 817 818 819 820 826 829 832 833 836 840 844 848 851 853 854 856 858 860 866 868 869 876 887 888 890 893 894 75 92 93 95 115 167 181 188 189 190 223 248 250 253 261 272 276 311 317 321 334 335 359 361 365 416 445 448 450 453 454 456 458 460 462 466 474 504 514 515 592 615 628 651 653 660 663 665 690 697 702 703 721 725 731 732 733 735 740 749 762 765 767 771 773 774 778 783 795 796 799 800 803 806 808 827 830 834 835 837 841 852 859 864 883
167 424 436 441 473 496 497 508 511 521 523 532 576 612 646 679 711 712 714 765 766 790 791 812 813 814 863 864 930 75 153 319 329 365 368 369 433 537 610 789 927 929 931 933
168 880 75 433 588
169 99
170 129
171 77 81 86 87 88 94 95 97 98 100 101 102 452 520 802
172 81
173 81
174 86 88 92 93 94 95 97 98 101 102 349 452 520 597 802
175 81 86 87 88 92 93 97 98 100
176 86 87 88 92 93 94 97 98 100 101 102 349 452 520 597 802
177 86 92 93 94 95 97 98 100 101 102 146 452 520 650 688 802
178 688 77 81 86 87 88 92 94 95 97 98 100 802
179 86 87 88 92 93 94 95 97 98 100 101 102 146
180 162
181 103
182 344 370
183 90 130
184 240
185 86 485 494 559 705 777
186 82
187 81 86 88 92 93 97 98 100 101 102 349 452 520 597 802
188 272
189 83
190 163
191 236
192 336
193 247
194 179 341
195 179
196 86
197 99
198 99
199 92 93 94 95 97 98 101 102 146
200 88
201 88 92 93 544
202 384
203 206
204 121
205 257
206 125
207 660
208 101 263 346 355
209 515 531
210 189
211 97 98 101 102 362 604 939 943
212 802 92 203 349 520 564 597
213 95
214 272
215 272
216 272
217 99
218 99
219 99
220 99
221 100 220
222 96 220 261
223 252
224 100 355 584 650 676
225 98 101 334
226 147
227 137
228 98 147 203
229 98 147 227 430
230 97
231 414 430
232 430 450 456 466 504 521
233 97 500 521 533 569
234 97 227 430 567
235 521
236 567
237 470
238 218
239 272
240 313 418
241 101
242 249
243 101 102 214 218
244 102
245 240
246 313 500 556 597
247 526
248 214 218 220 227 362 383 604
249 680
250 352
251 122 157 205
252 265 328 358
253 212
254 282
255 212 327
256 471
257 129 174
258 233
259 137 149
260 142
261 244 306
262 127
263 107
264 278
265 269
266 163 176
267 368
268 115 164 181 182 188 189 190 198 224 248 334 335 412 416 445 449 451 453 454 456 457 458 463 484 771
269 112
270 149
271 315
272 145
273 145 338
274 168
275 615
276 367
277 411
278 595
279 491
280 113
281 136
282 134
283 114 404 486
284 191
285 388
286 395
287 362
288 130
289 487 493 762 767 773 774 779 463 465 466 474 481 484 486 697 700 702 721 725 732
290 188 361
291 383 392 493 514 671 695 735 828
292 169 182 189
293 164
294 182 188 506
295 188 260
296 182 188 189 334 335 412 416 445 449 451 453 454 456 457 458
297 182 188 189 190 248 334 335 412 416 445 449 451 454 456 457 458
298 115 181 182 188 189 190 334 412 416 445 454 456 457 458
299 118 137 143
300 309
301 160 162 193 201 204 205 210 221 225 231 246 255 260 266 307 350 363 371 384 408 417 431 473 482 588 595 648 782
302 119
303 572 585 608 668 692 750 805 121 137 163 201 209 271 279 344 398 422 441 471 483 537 587 599 602 647 706 708 720 759 766
304 294 314 384 463 619
305 222
306 202
307 205
308 183
309 384
310 225 260
311 179
312 151 259 299
313 151 299 375
314 259
315 151 259 375
316 185
317 273
318 130 308 323
319 283
320 417
321 277 350
322 199 410 643
323 244
324 174 359
325 421 752
326 248
327 199
328 322 644
329 280 428
330 683
331 233
332 139 155 163 211 233 300 306 405 508 847
333 173 202
334 157 173 266
335 173 284
336 356
337 384 142
338 185 480
339 257 489
340 323
341 204
342 217
343 217
344 157 205 221 266
345 156
346 156
347 239 358
348 222
349 147
350 901
351 227
352 702
353 322
354 150 288
355 294
356 360
357 360 683 760
358 336
359 285
360 188 189 190
361 154 499 672
362 508 627
363 306
364 176
365 374
366 245
367 237
368 639
369 430 470
370 161
371 431
372 431
373 490
374 493
375 837 838 164 248 454 651
376 188 496
377 470 601 655
378 474 493
379 361 450 466 474 601
380 451 454 456 757 772 833
381 361
382 374
383 241
384 743 749 754 911 914 923 771
385 482
386 223
387 169 223
388 223 442 565 579
389 593
390 170 363 619
391 217 265 269
392 244
393 617
394 218 251
395 539
396 487 539 558 642
397 539 791
398 362
399 267
400 284
401 487 535 547
402 316 616 756
403 180 192 212
404 190
405 190
406 504 515 531 536 545 546 547 550 605 614 615 621 628 651 653 656 658 660 663 665 666 670 671 672 673 674 675 682 686 693 695 697 698 699 702 716 717 723 725 728 730 732 733 918 921 931 932 933 181 190 302 321 334 335 353 373 383 386 419 424 433 449 451 484 490 535 548 549 577 599 602 606 608 617 620 626 640 642 655 668 669 676 679 690 692 700 721
407 190
408 190 463
409 827 181 189 190 717 762
410 190
411 416
412 182 449 451 453 454 456 457 458
413 182 449 451 454 456 457 458
414 188 189 190 334 335 449 453 457 458
415 188 189 190 334 335 456 457 458
416 365 416 445 454 458 460 462
417 565 642 442 703
418 561 824
419 442
420 366
421 366
422 277 279
423 185 224 271 292
424 185
425 212
426 259
427 188 248 537
428 477
429 190 416 448 501
430 410
431 190 334 335 456 457 458
432 460 463
433 190
434 451
435 540
436 762
437 334 335 456 457 458 460
438 334 456 457 458 460
439 353
440 281
441 295 192 232 256 303 845
442 234 363
443 323
444 831 193 598 637
445 245
446 308
447 195 524
448 410 517 555 564 566
449 342
450 287 342 370
451 286
452 326 360 411
453 348 473
454 225
455 201
456 288
457 928
458 354
459 223
460 249
461 249 666 670 673 677
462 249
463 349 538 564
464 205
465 205
466 221
467 266
468 424
469 473
470 269
471 287
472 578 486 487 535 539
473 368 369 379 215 235 237 242 256 260 261 302 372 378 392
474 260 384
475 435
476 260
477 275 485
478 275 325
479 327 388 485
480 413
481 367 580 758 857
482 526
483 220
484 666 673
485 295
486 241
487 241
488 216 313 569
489 228
490 217
491 217 342
492 316 688 737
493 356
494 304
495 429
496 368
497 350
498 308 435
499 619
500 267 500
501 310
502 227 502
503 228 230 239 257 260
504 230 259
505 619
506 230
507 321
508 276
509 584
510 550
511 436 751
512 276 296 404 479
513 311
514 550 614 628 658 667 669 670 766
515 224
516 224 680
517 347
518 260
519 226 426 517 574 575
520 415 418 426 574 575 885
521 517 632 635 705 878 938 226 768 777 872
522 226
523 227 611
524 386 392 434 500 533 569 593 660 665
525 810
526 332
527 336
528 344
529 314
530 257
531 271
532 238
533 238 271 428
534 428
535 428
536 238 279 320 432 468
537 320 374
538 318
539 510
540 423
541 587
542 295
543 734
544 281
545 324
546 324
547 324 722
548 722 849
549 906
550 428 587 846 906
551 262 265 266 268 269 270 271 273 274 275 276 277 278 279 280 282 284 286 287 288 290 291 293 294 297 298 299 300 304 305 306 307 308 309 312 314 315 318 244 246 247 281 295
552 246
553 334 335 412 453 456 457 460
554 462
555 365 451 453 454
556 472 794
557 450
558 524 249
559 313
560 452
561 948 953 955 958 959 965 253 261 276 302 311 373 385 386 399 462 466 474 504 514 515 531 536 545 546 548 549 577 592 593 601 605 615 621 626 628 640 651 653 660 663 665 666 667 668 669 670 671 672 673 674 675 676 677 682 690 693 695 697 698 700 712 721 723 725 726 727 728 730 731 733 735 740 743 749 754 762 765 767 771 773 774 775 776 777 779 780 785 787 795 796 798 799 807 811 815 817 818 819 820 827 829 830 832 834 835 836 837 840 841 842 844 848 852 853 854 856 858 860 864 866 867 869 871 872 873 878 883 886 887 888 890 893 894 900 901 903 908 911 912 913 914 915 918 920 921 923 925 931 932 933 935 938 940 947 950 951 952 954 957 963 964 966
562 513
563 328
564 279
565 281
566 347
567 295
568 595
569 489
570 363
571 366
572 298 341
573 412
574 385
575 684
576 346
577 302
578 313 316 418
579 346
580 395 436
581 413
582 473
583 670 675
584 301
585 352
586 339
587 464
588 339
589 288
590 288
591 352
592 353
593 369 499 500
594 296 404
595 465 466 276 486 579
596 353 514
597 330 356
598 336 514 658
599 360
600 472 743 754 822
601 318 572
602 846
603 432 468
604 504
605 301 377 395 404 461
606 331 478
607 314
608 384
609 543
610 314
611 849
612 396 404
613 444
614 404
615 444
616 396 404
617 465
618 404
619 301
620 296 301 395 404 436 444
621 404 436
622 375
623 319
624 847
625 594 649 960 436 533 569
626 301 340 433 436 649 709 729
627 395 659 709 781
628 321
629 599
630 424 480 490 577
631 345
632 304
633 374 500
634 512
635 828 892 915
636 307
637 309
638 475
639 482
640 434 470 498 519 525 313 316 430
641 313 316 430 434 470 519 525
642 611 310 316 403 414 425 434 475 498 509 519 525 542 589
643 657 694 713 310 397 415 418 426 430 434 470 498 517 519 521 525 526 534 538 562 563 564 566 567 584 589 609 611 650
644 310 313 425 475 509 542 544 584 589 611 629
645 316 430 470 498 519 525 584 589
646 316 362 430 434 498 519 520 525 584 589 611
647 316 403 434 470 498 519 525 584 589 611 629 707 713 738
648 667
649 406
650 313
651 353
652 386 533 913
653 316
654 355
655 650 657
656 349 355
657 414
658 498 551 562 584
659 459 515
660 384
661 543 684 764
662 384
663 377
664 382
665 525
666 349 420
667 334
668 387
669 518
670 329 623
671 451 681 683 789 318 328 572 646 664
672 338
673 325 326 327 332 336 338 339 341 342 343 347 348 350 351 352 357 358 364 330
674 321
675 867
676 385 424 493
677 361
678 353 361 365
679 480
680 464
681 323
682 630
683 360
684 360 463 683 941 956
685 683
686 485
687 375
688 414
689 623
690 922 329 724
691 567 804
692 403 623
693 383
694 541
695 377
696 478
697 377
698 335 355
699 335 412 416 460
700 335 412 416 445 460
701 335
702 335 540
703 454 516
704 501
705 380
706 380
707 401 404
708 401
709 520
710 679
711 344 899
712 386 763 801
713 429
714 805
715 491 502 553 554 556 562 563 566 567 609 624 639
716 491 502 530 553 556 562 563 566 624 639
717 439 487 557 592 800 834
718 349
719 502 554 556 562 563 567 609
720 491 502 530 553 554 556 563 566 567 609
721 556 563 566 567 609 624 346 469 491 502 530
722 349
723 452 520 597 802
724 452 520 597 802
725 520 597 802
726 452 597 802
727 452 520 597 802
728 678
729 369 547 608
730 403 479 602 677 731 900
731 369 398
732 514
733 711
734 377
735 418 551 611 650
736 418 519 556
737 823
738 841 926
739 359 808 926
740 841
741 359 841
742 841
743 808
744 841
745 841
746 361
747 411
748 365
749 568 581
750 389 463 628
751 615 721 732 795
752 477
753 450 477 592 593 620 642 651 663 679 702 771 795 800 852 883 894
754 383 604
755 383 604
756 383 604
757 383 604
758 383 604
759 383 604
760 383 604
761 422 595
762 372
763 446
764 367 619
765 421 483 503
766 371
767 391
768 545
769 602
770 545 727 822 830
771 547
772 374
773 440
774 379 402
775 714
776 411
777 710
778 480
779 490
780 577
781 536
782 421 483
783 514
784 675
785 485
786 628 663
787 628
788 620 628
789 620 628
790 646
791 533
792 394
793 444
794 395
795 527
796 548 599 602
797 671 728 851
798 549 602
799 599 727
800 668 671 695 728
801 929
802 481
803 642
804 414 425 475 509 542
805 469 475 494 509 522 542 403 414 491 530
806 414 425 475 509 542 544 583
807 414 425 475 509 542 544
808 623
809 414
810 414 425 475 509
811 425 475 509 542 544 583
812 901
813 414 537 559
814 483
815 500 579
816 539
817 569
818 473
819 617
820 453 800 835 836
821 411
822 865
823 589
824 630
825 789
826 507 587 734
827 412
828 457
829 484
830 450
831 416 445
832 416 445 449 451 453 454 460 462
833 416 445 462
834 416 460 462
835 427 823 505
836 540 570
837 447 509 514 530 544 553 559
838 480 623
839 414
840 418 426 517 524 574 885
841 426 517 524 526 534 573 574 575 631 885
842 517
843 430 567
844 538 573 631 633 426 524 574 575
845 523
846 595 843 867 900
847 903 905
848 490
849 480
850 480
851 448
852 427
853 839
854 821
855 511
856 601
857 521
858 567 629
859 849
860 561 600
861 642
862 563 625 746
863 470
864 533
865 748
866 488
867 438
868 441 535
869 515
870 591 442 565 592 699
871 565 614
872 591 640 642 656 816
873 465
874 465 486
875 535
876 535
877 465
878 683
879 683 861
880 449 451 453 460 462 917
881 449 451 453 454
882 482
883 453
884 771
885 480
886 451 453 454 462
887 453 454
888 484
889 537 569 766
890 504
891 655
892 466 514 883
893 651
894 519
895 592 658
896 474 500
897 893
898 506 532 700
899 700 963
900 465
901 531
902 531
903 459 486 532 535 642 660 663 679 702
904 515
905 515 658
906 531
907 515 658 679
908 515 658
909 658
910 463 515 658
911 479 480 484 460
912 740 771
913 717
914 690
915 628
916 717
917 762
918 465
919 481
920 725
921 560 628 762 893 963
922 467 577 709 723 854 868
923 498 584 611
924 636
925 502 530 553 554 562 563 566 567
926 553 554 556 562 563 566 567 609 624 639 689 719
927 553 609 624 639 689 719 741 744 811 817 820 829 842
928 530 624 639 689 719 741 744 747 811 817 820 829 842 944
929 689 719 741 744 747 968 969
930 519 567 629
931 766 877
932 472
933 806
934 484
935 484
936 581
937 898 899 907 923
938 680
939 479 550
940 480
941 843 901 903
942 484 490
943 623
944 483 580
945 496
946 504
947 615
948 655
949 506
950 601
951 593
952 504 651
953 504 514 660
954 486 679 716 812
955 645
956 495
957 486 535
958 596
959 529 545 580 638 882
960 521
961 493 594
962 549
963 502
964 502
965 502
966 502
967 502 530
968 502 530 553 554 556 562 563 567
969 552 559 494 564
970 551 552 559 564
971 521 551 552 559 564
972 652 687 715 739 745 746 756 494 521 551 552 559 616 657 688
973 521 551 552 559 622 625 641 650 652 657 687 688 715 739 745 746 756
974 559 616 625 641 650 652 657 687 688 715 739 745 746 756
975 559 616 622 625 641 650 652 657 687 688 739 745 746 756
976 552 559 616 625 641 650 652 657 687 688 715 739 745 746 756
977 624
978 768
979 783 898 923
980 505
981 828
982 618 623 949
983 618 623 804 949
984 606
985 618 654
986 825
987 618
988 500 752
989 709
990 900 917
991 540
992 711
993 746
994 615 655 795
995 615 721 843
996 834
997 619
998 709
999 665
1000 720 883
1001 697
1002 658 697
1003 800
1004 650
1005 571
1006 825
1007 574
1008 746
1009 554
1010 688
1011 564 688
1012 650 807
1013 534 538 573 631 633
1014 534 538 573 631 633
1015 534 538 573 631
1016 534 538 573 631 633
1017 534 538 573 631 633
1018 534
1019 534 538 573 631 633 878 938
1020 538 573 631 633
1021 534 538 573 631 633
1022 534 573 631 633
1023 573 631 633
1024 638
1025 624
1026 639 689 719 741 744 747 811 817 820 829 842
1027 540
1028 594 696
1029 594
1030 594 615
1031 640
1032 594
1033 556
1034 539
1035 558
1036 579
1037 536
1038 536 913 954
1039 877 898 903 905 909
1040 903 905 536 913
1041 903 954
1042 730 854 900 957
1043 766
1044 620 669 675 676
1045 540
1046 623
1047 618 654
1048 724
1049 719
1050 546
1051 599 727 803 830
1052 546 749 803 822 830
1053 608 803 830
1054 749 830
1055 727 803
1056 546 682 743
1057 608
1058 668 695 749
1059 803
1060 599
1061 608 727
1062 547
1063 547
1064 605
1065 728
1066 605 608 693 695 727
1067 912 548 668 792 911
1068 671 733 806
1069 671 733
1070 669 733
1071 733
1072 668
1073 668 672 695 728 733
1074 666 669 670 676
1075 946
1076 550 669 670 675 676
1077 667
1078 675 731
1079 553 554 556 562 563 566 567 609 624 639
1080 624 689 719 741 744 747 811 817 820 829 842
1081 747 554 556 562 563 609 624 639 689 719
1082 609 624 639 689 719 741 744 747 811 817
1083 597 802
1084 564
1085 584
1086 958
1087 617
1088 640 565 656 699
1089 664 722 734 821 845 849 906 568 587 619 896
1090 759 865 568 706
1091 643
1092 788
1093 652 705 711
1094 666 669 676 677
1095 723 807
1096 686
1097 936
1098 751 755
1099 888
1100 755 825
1101 584
1102 583 584
1103 924
1104 730
1105 917
1106 602
1107 602
1108 679
1109 749
1110 749
1111 727
1112 727 803
1113 719 741 744 747 811 817 820 829 842
1114 612 949
1115 848
1116 701
1117 857
1118 615 732
1119 732
1120 651 721 732
1121 655
1122 795
1123 876 877
1124 765
1125 617 642 716
1126 724 889 949
1127 701
1128 644
1129 644
1130 620
1131 652 687 715 739 745 756 809 904 916 942
1132 843
1133 628 658
1134 663 697 772 879
1135 697 865
1136 635 705 768 777 872 878 938
1137 635 705 768 777 872 878 938
1138 635 705 768 777 872 878 938
1139 635 705 768 777 872 938
1140 635 705 768 777 872 878 938
1141 635 705 768 777 872 878 938
1142 635 768 777 872 878 938
1143 635 705 768 777 872 878 938
1144 635 705 768 777 872 878 938
1145 635 705 768 777 872 878 938
1146 635 777 878 938
1147 720
1148 681 782
1149 834
1150 771
1151 890
1152 917
1153 882
1154 677
1155 677
1156 666 673 677
1157 677
1158 673 895
1159 673 677
1160 672 685 735 806
1161 674 726 735 946
1162 669 676 920
1163 676
1164 671 695 728 733 852
1165 672 712 733 806
1166 671 695 727 728
1167 674 712
1168 670
1169 843 901
1170 675 911 912
1171 806
1172 733
1173 733
1174 733
1175 677 854
1176 712
1177 806
1178 676 726
1179 677 723
1180 805
1181 736
1182 812 960
1183 863
1184 870
1185 702 834
1186 742
1187 838
1188 707
1189 749
1190 754
1191 732
1192 723 807 897 901
1193 723 807
1194 948
1195 700
1196 871 718 776 780 798
1197 718 776 780 798 871
1198 718 776 780 798 871
1199 718 776 780 798 871
1200 718 776 798 871
1201 718 776 780 798 871
1202 718 776 780 798
1203 718 776 780 798
1204 776 780 871
1205 718 776 780 798 871
1206 718 776 780 798 871
1207 718 776 780 798 871
1208 804
1209 762 826 827
1210 877
1211 807
1212 746 897
1213 725 732
1214 908 911
1215 728
1216 870
1217 947
1218 734
1219 806
1220 806
1221 761
1222 753
1223 753
1224 752
1225 753
1226 810 883
1227 803
1228 830
1229 825
1230 755
1231 753
1232 810 944
1233 771
1234 771
1235 777
1236 898
1237 785
1238 898
1239 881
1240 886 893 917
1241 835 836
1242 869
1243 830
1244 946
1245 841
1246 862
1247 875
1248 834 890 926
1249 837
1250 860
1251 837
1252 963 841 869 873 874 884 886 890 893 918 933 953 955
1253 901
1254 900 903 905
1255 929
1256 849
1257 966 967
1258 867
1259 913
1260 903 905
1261 909 913
1262 901 903 905 913 954 957
1263 901 909
1264 913
1265 964
1266 962
1267 957
1268 955
