0 172 542
1 149 300 877
2 172 580
3 106 911
4 568 623 932
5 106 836 844 691
6 54 432 880 352
7 772 427
8 361 112 468
9 935 937
10 569 527 100
11 836 691
12 953 394
13 844 106
14 112 238 544
15 822 67
16 962 118
17 963 937 26
18 10 553
19 917 553
20 190 39 787
21 25 352 917 963 993
22 333 188 118
23 460 444
24 25 718
25 183 595
26 953 647
27 462 240
28 984 820 461 171 240 897 912
29 527 326
30 739 205 398
31 877 221
32 26 545 118
33 121 772
34 55 937 633
35 545 188 118
36 885 816 39
37 569 100 973
38 100 527
39 389 896 821
40 25 172
41 836 844 626
42 112 814 998
43 387 41 821
44 616 355
45 623 790 757
46 39 574
47 90 106 844
48 328 891 154
49 528 954 116
50 333 962 613
51 911 106 251
52 143 644 700
53 623 568
54 118 455 846
55 950 330 405
56 844 144 32
57 869 48
58 647 659
59 118 188 962
60 615 20
61 301 106
62 844 836
63 255 126 917
64 333 784 822
65 333 528
66 502 190 787
67 608 844
68 898 224 110
69 255 935 250
70 198 368
71 328 953
72 978 721 428
73 29 816
74 127 413
75 627 671 935
76 471 659 139
77 381 224 492
78 926 816
79 348 248 301
80 659 471 945
81 381 224 492
82 102 224 381
83 367 745 227
84 202 319 772
85 773 692
86 595 492 561
87 959 671 255
88 166 959 671
89 222 682
90 157 254
91 993 553 917
92 527 775 980
93 527 980 775
94 345 775 569
95 100 527 569
96 838 183 492
97 838 595 492
98 838 183 492
99 838 183 492
100 838 183 595
101 838 595 183
102 838 183 492
103 157 368 248
104 161 309 689
105 822 116 528
106 413 321 794
107 344 232 816
108 926 29
109 319 33
110 460 594
111 972 601 679
112 33 389
113 428 883 146
114 671 255
115 25 937
116 395 911
117 245 227
118 309 689 701
119 700 816
120 404 386 547
121 157 727 638
122 139 623
123 917 617 188
124 106 251
125 925 428 573
126 454 90
127 238 416 146
128 232 363 209
129 689 668
130 911 106 836
131 989 480
132 659 953 471
133 8 321 413
134 224 627
135 345 569 527
136 48 437
137 300 663 644
138 317 319 952
139 413 439 813
140 179 900
141 709 670 74
142 691 763 836
143 190 568
144 118 188 333
145 900 138
146 381 678 492
147 183 437
148 481 281 573
149 688 202 772
150 368 157 198
151 978 714 950
152 72 494 296
153 917 118
154 100 569
155 577 813 439
156 138 523 605
157 623 790
158 348 248 198
159 101 987 574
160 623 6 568
161 670 74
162 363 429
163 290 923 762
164 724 73 25
165 460 472
166 19 714
167 100 569 48
168 414 879
169 937 917 718
170 41 772
171 784 252
172 987 295 574
173 900 623
174 413 321 498
175 45 664 472
176 104 822
177 91 917 255
178 678 224
179 883 77 354
180 836 528
181 937 917
182 937 10
183 955 917 126
184 727 248 301
185 293 824
186 48 188
187 428 714 396
188 937 917
189 917 10
190 937 10
191 671 267 255
192 300 221 644
193 608 106 844
194 251 989
195 911 151 106
196 952 32
197 118 554 893
198 319 821 33
199 228 74 709
200 248 157
201 301 427 836
202 138 179
203 231 476 234
204 715 568 309
205 623 568
206 700 232
207 844 836
208 126 255 935
209 206 150 401
210 701 623 568
211 227 923
212 4 116 528
213 643 956
214 595 183 492
215 877 221 644
216 444 748 20
217 790 568
218 838 595 492
219 691 836
220 183 838 492
221 790 568
222 330 714 573
223 980 527
224 279 121 772
225 911 106 844
226 100 489 527
227 838 183 492
228 588 883
229 460 444
230 950 443 618
231 608 844
232 221 300
233 813 321
234 65 844 836
235 616 729 512
236 39 807 854
237 106 844
238 221 855 644
239 714 950
240 471 659
241 748 460
242 877 221
243 121 202
244 8 413 321
245 844 691 251
246 757 619
247 61 146
248 917 26
249 983 437
250 255 937 25
251 126 571
252 51 179 460
253 569 48
254 276 140
255 743 52 490
256 221 300
257 106 151 844
258 248 348
259 925 443 428
260 691 251 844
261 569 527
262 157 198
263 838 595 183
264 451 546 650
265 790 623 900
266 790 623 568
267 671 255
268 90 106
269 232 6 502
270 460 444 748
271 680 644
272 775 100 527
273 112 814 998
274 748 433
275 836 954 116
276 569 48 458
277 821 33 772
278 829 605
279 877 221
280 151 106
281 300 221 644
282 822 574 816
283 620 10
284 900 757
285 55 817 620
286 301 531
287 39 206
288 616 47
289 743 190
290 300 221
291 452 784
292 272 206
293 942 784
294 608 844
295 300 644
296 627 255 935
297 603 717 315
298 714 883
299 740 443 950
300 927 794
301 85 314 402
302 569 345 273
303 95 82
304 106 844
305 227 923
306 439 413 321
307 111 901 557
308 844 106
309 454 106 836
310 561 838 595
311 100 527
312 112 361 998
313 437 183 595
314 106 909
315 260 424
316 437 595 183
317 255 126 10
318 495 616
319 6 668
320 877 300 855
321 569 100
322 319 121
323 454 106 836
324 221 877 855
325 116 954
326 157 198
327 954 116 4
328 138 790
329 820 434 3
330 106 844
331 942 452 510
332 238 604 61
333 627 983 598
334 550 10 917
335 10 937 917
336 330 950
337 817 172 937
338 179 138
339 680 816
340 277 935
341 739 881 503
342 74 9 816
343 836 106 302
344 48 935
345 106 844
346 492 595 183
347 636 106 844
348 198 157 301
349 249 595 183
350 911 106
351 688 319
352 748 444
353 527 55 905
354 20 460
355 838 595 492
356 844 691 106
357 13 14 574
358 568 790
359 917 993 10
360 157 301
361 993 515 10
362 437 255 25
363 210 251 608
364 39 190
365 515 10 917
366 248 301
367 698 82
368 647 953
369 55 273
370 104 511 67
371 623 647
372 116 836 784
373 527 100 775
374 20 664
375 950 428
376 376 180 605
377 942 510 784
378 836 202 319
379 946 528
380 355 616 729
381 523 986 827
382 921 628 140
383 216 48
384 144 836
385 527 569 273
386 527 627
387 507 570 771
388 528 116 836
389 172 542 25
390 232 816
391 175 785
392 959 255 126
393 481 428 714
394 146 61
395 91 255 627
396 255 671
397 937 935 255
398 489 383 100
399 527 569
400 877 221
401 935 627
402 157 301
403 696 216 27
404 671 959 255
405 227 923 289
406 784 671 252
407 280 990 360
408 79 429 557
409 515 375 917
410 946 272 528
411 772 301
412 937 917
413 924 449 928
414 383 216 27
415 492 838 183
416 937 917
417 568 827 6
418 492 595 183
419 100 569 48
420 549 69 797
421 545 197
422 626 946
423 725 39
424 48 980
425 696 383 27
426 838 595 183
427 0 731 117
428 448 300 855
429 106 836
430 183 595 838
431 429 21 35
432 877 300
433 858 402 627
434 183 595 437
435 477 33
436 935 959
437 700 926 816
438 937 917 10
439 937 917
440 112 238
441 696 437
442 917 126
443 157 301
444 255 935
445 917 10
446 248 157
447 383 27
448 10 937
449 993 917
450 937 917 10
451 937 917
452 678 183 492
453 917 10
454 937 917
455 443 739
456 917 10
457 937 917
458 937 917
459 937 375 917
460 937 10
461 85 207 279
462 937 917
463 993 937 10
464 329 823
465 126 917 515
466 937 917
467 645 969 872
468 644 221 300
469 27 383 216
470 183 561 595
471 272 275 528
472 333 937 917
473 700 568 427
474 25 937 10
475 216 383 27
476 389 821
477 362 937
478 942 510 784
479 569 980
480 980 569 100
481 917 937 375
482 427 414 144
483 118 333 545
484 937 10
485 528 954
486 126 963
487 917 255
488 709 670 74
489 106 836
490 100 569 527
491 27 383 216
492 183 678
493 724 25
494 107 216 696
495 255 126 937
496 73 172
497 432 621 913
498 838 338 183
499 3 820 240
500 126 255 935
501 553 993
502 492 838 183
503 188 962
504 550 917 10
505 621 880 432
506 375 917
507 202 821
508 439 321 794
509 383 27 216
510 534 232
511 251 691
512 289 762
513 743 6
514 10 25
515 937 10 917
516 127 498 813
517 838 595 183
518 449 432 25
519 838 595 183
520 983 423
521 838 595 492
522 27 107 216
523 867 236 75
524 492 595 183
525 561 838 595
526 595 183 437
527 410 671 627
528 772 319
529 639 82 220
530 27 383 107
531 937 917
532 129 937 223
533 935 255 959
534 838 183 437
535 527 255
536 980 527
537 197 46 962
538 838 595 437
539 917 255 718
540 937 917
541 897 820 3
542 107 383 216
543 911 691
544 107 27 383
545 100 569 980
546 100 569 980
547 100 569 527
548 100 569 980
549 100 569 527
550 569 527 980
551 492 838 183
552 383 216 27
553 383 27 216
554 338 838 595
555 595 492 183
556 492 838 183
557 553 917
558 937 935 10
559 107 27 216
560 554 268 893
561 959 671 255
562 338 838 595
563 338 838 595
564 838 595 492
565 126 255
566 492 338 595
567 595 492 183
568 626 946 528
569 402 671 935
570 255 718
571 449 703
572 729 47
573 838 595 437
574 492 595 183
575 492 595 183
576 434 3 897
577 100 527 869
578 126 917 718
579 255 126 935
580 118 26 197
581 963 10
582 333 26 197
583 383 107 27
584 338 838 595
585 545 197 26
586 844 106
587 877 929 855
588 141 402 959
589 338 595 183
590 714 19 428
591 255 126 917
592 690 718 917
593 255 718 10
594 91 255
595 836 251
596 935 255 917
597 492 183 110
598 844 144 251
599 100 540 527
600 627 48 935
601 553 917 10
602 87 100 569
603 126 255 935
604 364 437
605 100 569 527
606 100 569 980
607 844 106 32
608 569 100 973
609 492 838 183
610 401 206 139
611 838 595 183
612 240 40
613 118 197 188
614 126 917
615 553 937 917
616 838 595 492
617 10 917
618 240 186 897
619 244 821
620 46 197 917
621 527 569
622 383 107 216
623 696 240 3
624 696 383 216
625 838 595 492
626 458 917 935
627 321 794
628 963 937 917
629 561 838 595
630 836 528
631 838 595 437
632 27 216
633 838 595 183
634 188 962
635 383 216
636 583 563
637 144 989 151
638 845 82 177
639 383 27 216
640 690 937 917
641 27 383 216
642 356 126 937
643 272 634 528
644 319 821
645 776 483 621
646 758 499
647 452 784
648 471 208 557
649 91 671 255
650 338 595 183
651 917 10 515
652 107 27 216
653 937 917 10
654 240 3 876
655 993 937
656 718 126 255
657 338 595 492
658 553 917 10
659 91 267
660 580 55 905
661 780 823
662 953 647
663 937 10
664 749 929 855
665 620 55 10
666 100 527 980
667 100 569 980
668 100 527 980
669 100 569 980
670 100 569 527
671 100 569 980
672 100 527 980
673 100 569 980
674 100 569 980
675 100 569 527
676 569 527 980
677 569 527 980
678 106 836
679 917 935 255
680 688 121 202
681 844 163
682 527 569
683 198 368 157
684 516 301
685 100 527
686 345 569
687 383 216 27
688 595 492 183
689 696 27 216
690 10 917
691 671 627
692 188 545 937
693 527 569 100
694 561 595 183
695 569 100 973
696 671 402
697 937 10
698 345 569 808
699 718 126 255
700 553 55 10
701 434 240
702 515 937
703 356 255 937
704 383 107 216
705 383 216
706 272 275
707 595 110 437
708 47 512
709 402 959 935
710 935 402 458
711 897 3 696
712 100 905 527
713 595 183 110
714 376 397 283
715 107 216 27
716 917 91 255
717 515 937
718 107 383 216
719 107 383 27
720 545 118 188
721 580 917 10
722 108 558
723 100 527 980
724 40 434 3
725 10 25
726 100 527 980
727 100 569 980
728 569 527 980
729 402 91 627
730 100 527 980
731 100 569 980
732 10 917
733 100 569
734 448 500 837
735 569 527
736 984 462
737 595 183 110
738 107 216 27
739 27 383 107
740 553 917 10
741 383 696 27
742 118 26 917
743 100 345 48
744 107 27 216
745 838 183 492
746 595 183 492
747 107 383 216
748 255 126 356
749 527 775 569
750 26 118 188
751 333 26 118
752 118 333 26
753 937 917 26
754 569 48
755 197 46 26
756 595 492 183
757 993 369 25
758 73 935
759 946 272
760 727 254 301
761 383 107 27
762 917 993 10
763 356 917 553
764 121 821 319
765 917 937
766 197 118
767 10 375 993
768 383 27
769 138 757
770 157 225
771 937 553 10
772 937 917
773 375 917
774 917 10
775 27 667 216
776 383 107 216
777 383 216
778 10 255 917
779 553 937 10
780 216 383 107
781 207 627 935
782 144 844
783 993 10 963
784 1 900
785 937 917 10
786 100 48 869
787 10 917 937
788 333 836
789 272 946 528
790 186 897
791 959 255
792 186 897
793 66 25 10
794 937 935 718
795 917 937 10
796 255 126
797 937 10
798 216 27 107
799 667 27 383
800 10 917
801 126 917 515
802 838 595 399
803 100 569 980
804 434 3
805 836 116 954
806 100 527 980
807 100 569 527
808 917 937 553
809 492 838 595
810 183 110 437
811 107 27 383
812 935 917 91
813 972 485 824
814 264 650
815 458 527
816 937 255 515
817 696 27 216
818 10 937 917
819 580 553 937
820 696 383 216
821 300 71 855
822 569 527
823 277 449
824 126 917 935
825 118 26 188
826 937 917 993
827 937 10
828 851 73
829 383 27 696
830 569 345
831 844 909 836
832 667 216 383
833 993 515 937
834 10 937
835 606 917
836 10 606
837 10 937
838 118 937
839 300 855
840 107 27 216
841 937 10 553
842 696 27 216
843 100 569
844 569 100 759
845 877 221
846 877 300
847 413 600
848 937 917
849 877 300
850 844 454 106
851 569 527
852 527 917 935
853 10 917
854 980 569 527
855 301 788
856 761 10 917
857 118 26 188
858 27 216 667
859 255 515 10
860 569 100
861 198 301
862 867 75 736
863 627 255
864 569 100
865 946 626 272
866 569 345
867 569 527
868 527 569 87
869 10 917
870 85 255 627
871 216 107 27
872 383 216
873 553 937 10
874 937 229 761
875 917 255 25
876 937 917
877 118 962 333
878 696 383 216
879 10 937
880 402 627
881 820 3
882 26 188 118
883 905 937 10
884 10 937
885 838 595 492
886 937 10
887 10 917
888 917 10
889 373 897 716
890 553 10 917
891 970 869 388
892 257 25
893 553 917 10
894 10 917
895 980 100 569
896 221 300
897 100 527 980
898 100 569 980
899 569 527 980
900 100 569 980
901 100 527 980
902 100 569 527
903 100 527 980
904 383 107 27
905 569 527 980
906 877 300
907 569 527 980
908 100 569 980
909 527 980
910 100 569 527
911 100 527 980
912 100 569 980
913 100 527 980
914 100 569 980
915 25 10
916 107 383 27
917 937 917
918 937 993 10
919 817 10
920 527 980
921 527 494 10
922 240 3
923 100 527
924 188 118 255
925 620 494
926 917 937 993
927 674 906 658
928 844 106
929 855 644
930 157 248 348
931 937 917
932 84 937 10
933 10 55 905
934 993 375 109
935 527 569 87
936 935 627 671
937 527 540 569
938 696 383 216
939 383 27
940 788 527
941 198 157 301
942 27 383 216
943 383 216
944 492 27 216
945 973 100 345
946 527 100
947 255 970 527
948 569 527
949 3 897
950 935 255 10
951 553 10 917
952 527 255 935
953 937 917
954 569 527
955 553 917 10
956 368 198
957 980 569 345
958 690 10 917
959 937 10
960 627 255
961 727 272
962 106 844
963 375 937 10
964 553 937 917
965 550 917 10
966 100 569 980
967 651 264 191
968 423 231 983
969 110 142 595
970 26 789
971 790 6 568
