0 2308 2588 3613
1 1517 2733
2 73 1156 2146 3445 4211 3204
3 1967 2245 2865 2931 3280 3553 4560 3478
4 1399 1759 2224 2413 3694 3715 4116 4422 1462 2575 3550 4446 4630
5 4076 4305 289 2433 3812 4122
6 4158 385
7 663 1707 2028 2051
8 458 4004
9 1817 2645 3846
10 823 891 1210 2655 2741 2751 2896 4003 75 298 982 1217 2044
11 612 1991 3294 3356 3793
12 2057 3786
13 1694 2230 4219
14 1167 1414 1658 1861 2180 2258 2571 2580 2662 2720 2895 2920 2957 3070 3157 3313 3324 3434 3663 524 1904 2025 2104 2148 2634 3964
15 1501 2949 2999 3035 4084 4165 4444 4597 4614 3909
16 2973 3923 4301
17 841 2675 3792 4162 533 572 1862 3541
18 3026 1742 4541
19 2613 3860 4583
20 3443 905 1248 1952
21 2384 2783 3881
22 462 575 717 1364 12 600 1747 2443
23 2141 3380 1759
24 797 3511
25 4524 4559
26 4375 4495
27 2396 2791 4015 3696
28 1320 2556 3701 4420
29 931 2643 3099 3426 3621 4147 4333 1392 2382 3667 3833 4451
30 180 855 3405
31 362 744 762 4116
32 3235 2198
33 2015 2256 2275 2460 2509 3280 3787 4106 4401 1288 2678 2834 4603
34 2069 3121 4215
35 2296 1483 2609 2812
36 207 876 2948
37 4100 4119
38 3977 74 354 1364
39 3619 4257 676 1544
40 3510 4020 4200 1459
41 1711 1979 3181 4060
42 2152 743 1801 3190
43 2491 3580
44 1204 2088
45 1612 3100
46 1244 1652 3585 3614
47 1132 1224 1371 1659 1875 1911 1967 2038 2059 2238 2496 2572 2582 3202 3214 3224 3312 3516 3655 3815 3919 4164 4352 4612 31 165 625 726 1068 1139 1185 1356 2103 2266 2384 2576 2783 2865 3280 3293 4165
48 848 3573
49 3005 1067 1605 2530
50 3337 3664 678
51 143 636 903 4100
52 2078 2574 3318 3688 4111
53 91 494 2283 2338
54 1856 1859 2335 4504 161 2164
55 2467 3804
56 1563 2680 3525 4646 951 1711 1979 2132 3301 3323 3343 4528
57 1542 1699 3724 4069 345 513 4092 4444
58 347 1066
59 3687 4221 340 4131
60 912 1017 1404
61 3914 4313 236
62 1010 1109 1366 2301 2490 4058 480 491 1277 1303 2121 2195 3161 3757 4397 4623
63 279 1471 3534
64 1686 2523 2017 2457 3662
65 667 927 1400 2919 3215 3926 4558 936 1225
66 4270 2112 3635
67 4037 4578 4280
68 3467 3952 1396 2624
69 1457 2217 2244 4209 2313 2406 4256
70 938 1148 1236 2750 3890
71 1198 3126 4156
72 1287 1609 4420 2183 3235
73 3180 3481
74 3526 4261 1296
75 380 2901
76 3242 3845 1437 3956
77 3332 3446
78 4084 860 1971
79 897 1876 1938 2671 4125 4475
80 4195 3415 3908
81 2006 2014 42 807 1089
82 668 3343
83 1358 3574 4432
84 3571 3709 947 3310
85 1561 1995 3140
86 3548 3972
87 1178 1355 1820 4550 1009 3229
88 4408 1202 3076 4158
89 839 339
90 2632 762 1793 2141 2358 2413 2575 3088
91 1873 2029 3486 3910 741 1704 3472
92 1259 2676
93 128 481 2721 2833 4059 201
94 2344 2649 4384
95 1232 1441 1777 1834 2058 2665 2683 2755 3019 3297 3567 3599 3863 4577 31 639 1983
96 3825 2496
97 2711 3966 1777 2755 3297
98 4057 4539 4602 4289 4487
99 1538 1973
100 2902 3028
101 2903 3346
102 684 3160 825 1728
103 1154 2167 3129 3479 4041 4517 2919 4052
104 739 1360 1418 2982 3164 2841
105 2686 387 1359
106 1702 4392 4629 2524
107 1853 1898 3844
108 2021 2258
109 2340 2735 3287 4305
110 2887 3070 3149 3986 216 260 1379 2258 3223 4531
111 761 821 878 1034 2334 2431 2620 3213 3392 3399 3425 4253 4308 4600 126 541 1357 1529 3484 3596 3911 4279 4321
112 2373 3970
113 3565 4085 362 1297 1462 4116 4349
114 1881 2591
115 2124 2315 3179 671 1873 2276 3486 3910
116 4018 4478
117 261 407 1312 1566
118 1915 2019 4287 1897 2830
119 1013 1547 2012 3158
120 1171 2108 3045 3396 3759 3791 249 1244 1652 1700 2240 2448 2697 3585 3614
121 1136 1702 2960
122 1173 1645 2699
123 1349 1575 1800 2528 2999 3170 3215 3371 3395 3634 4363 1198 1567 2489 3488 4444
124 2559 3106 3690 1492 2335 4293
125 1613 2507 3782 4299 4533 355 573 1397 1509 1694 3615 3997 4489
126 1852 2432 3946 2997 3189 3278
127 2239 4073
128 949 1560 2248
129 3862 161 1859 4293 4504
130 1023 3418
131 1746 3782 3997
132 2376 628 4477
133 4170 2036
134 335 826 1312
135 800 1615 1946 2444 2775 4079
136 747 2892 3216 4035
137 2064 3769 3958 1502
138 1824 844 3562
139 907 1405 1441 2711 3297 3599 3955 4577
140 1433 2336 2822 4033 1502 1545 2064 3958
141 2578 1592
142 572 1135 1962 3885
143 1380 766 1889 3803
144 3866 4152 3067
145 4542 1012
146 4158 4408
147 413 672 2494 2828
148 1598 4034 3543 3660
149 1639 2419 3716 87 288 2461 4200
150 808 1551 2606 2638 2978 3299 3523 4395 47 223 2244 3658
151 1768 4337
152 3285 2602 2771 3499
153 1837 1528 2870
154 756 788 1105 1138 1215 1291 1316 1421 1573 1601 1678 1683 1812 1831 1853 1942 2090 2100 2186 2257 2324 2557 2581 2709 2885 2954 3095 3104 3125 3131 3132 3270 3333 3348 3414 3421 3470 3544 3563 3644 3848 4000 4278 4288 4479 4525 353 1028 1111 1132 1281 1333 1457 1560 1583 1688 1769 2108 2290 3063 3285 3499 3619 3992 4053 4219 4395 4505
155 2312 2743 4471 4096
156 2311 3608
157 2147 3763 4294 4488
158 3518 4502 4647 3034
159 774 2310
160 1752 3046 3872
161 650 1084 1308 1330 1344 1369 1721 1956 1965 2099 2537 3134 3199 3341 3365 3554 3677 3961 4130 4621 127 1081 1223 3170 3215 3389 3426 3504 4343
162 3624 4470 4650 428
163 1767 2169 3454
164 2389 3174
165 2298 670 1551 1679 2097 3184 3302 3589
166 1815 1978 2232 2439 4028 4580 3087
167 92 2012 3010
168 2714 656
169 2256 2834 4401
170 4485 2643 3937 4029
171 423 834 991 1093 1557 1902 1918 1930 2369 2393 3358 3626 384 2878 3688
172 1822 2767 4250 4643 791 1601 1990 4216
173 1539 2279 2569 3583 3837 4522 388 1433 2822 2881 3958 4558 4643
174 3856 357 2467
175 3261 3359 3479 3531 4026 3349
176 4267 4448 273 542 2652 3638 3655 4164
177 1849 1924 2674 3078
178 4377 4277
179 1788 2962 3125 3170
180 66 1443 1521
181 3572 812
182 132 3515
183 454 1701 2032
184 1019 2688 2853 2861
185 2631 296 1359 4488
186 3135 148 1751 3202 3367 3724
187 650 2703 4595
188 996 1115 1367 1444 2120 2356 2385 2417 3006 3212 3535 3926 4174 4404 4443 4625 31 503 545 632 679 682 745 789 1178 1578 1659 2238 2245 2866 2919 2931 3167 3215 3363 3553 4165 4394 4612 4620
189 1295 2160
190 2734 3982 1941
191 2238 2384
192 2094 3463 3923
193 3896 96 4561
194 850 4511 79
195 1500 3756
196 734 1712 4482
197 2300 2364 2497 4403 4542
198 3428 1453
199 1416 2608 3268 2603
200 553 2122 2779 3840 48 3683 4586
201 1877 2699 3089 3144
202 3657 988 2926
203 548 2874 928 1180 1886 1899 2275 4370
204 1333 1741 2978 3518 4647
205 20 3732
206 3814 1800
207 2773 3411 1906 2106
208 3103 3699
209 609 2943 3073 3225 3375 4185 4589 201 666 1107 3435 3459 4468
210 792 4582 1749 3875
211 2439 2484 2915
212 2865 4394
213 463 2119 2180 2200 3477 3760 4271 4455 1313 1414 1658 1861 3070 3461 3876
214 1479 1730 2798 800
215 2243 3339
216 795 4347 1157 1537
217 606 1555 1328 2460
218 3227 4236
219 3148 14 1138 1291 1583 1598 2324 2918 3265 4034 4077 4525
220 3888 4646
221 1398 1505 1536 2204 2441 2506 2598 2987 2996 3024 3476 4101 485 963 1187 1422 2342 2623 3263 3447 3474 4015
222 3746 569 651 1087 2662 3906
223 2264 2561 2904
224 736 2819 682 896 1115 1578 3612 3896
225 1381 2307
226 2743 3364 4471
227 3719 1120 3042
228 965 84 3003 3340
229 272 1468 1978 2223 4152 4533
230 3527 4613
231 1985 3920 4063 889 1010 1679 3687 3922 4087 4267
232 4574 244 2108 2929 3451 3736 4560
233 1454 1553 1630 1870 1982 2056 2167 2222 2241 2325 2375 3354 3407 3552 3560 3988 4556 4592 0 29 36 72 440 577 927 1039 1061 1132 1160 1213 1367 1371 1525 1875 1911 2187 2507 2767 2969 3213 3217 3280 3553 3655 3759 3831 3926 4517
234 2234 2668 3301
235 1631 2449 2629 3187 3303 3739 3771 3819 4120 4127 4141 4160 4412 4441 1077 1512 1876 1938 2671 4044 4214
236 1256 2649
237 997 1489 1935 2126 1371 1863 2673 2827 3224 3540
238 336 344
239 1475 2820 4483 2347
240 1610 1331 2638 3422 3983 4279 4415
241 4310 4170
242 346 1783 2178 4395
243 2820 3674
244 553 4586
245 2297 3485 780 1330 2171
246 2131 3084
247 4156 4338
248 2459 3332 3489 3627
249 2368 3794
250 3532 728
251 437 1608 2180
252 343 4245
253 727 2429
254 377 1766 2621 2667 4005 4132 4353 4161
255 2974 3269 1025 1109 1307 1485 3506 3660 3735 4450
256 439 853 1430 1912 3232 4307 1871 2677
257 3963 2437
258 3062 3288
259 948 1289
260 3062 3624
261 801 883 1711 2132 3564
262 601 2838
263 705 1616 2731
264 1289 1753 2356
265 76 368 3809
266 2613 4583
267 587 2628
268 1447 2375 2706 3134 4244 439 788 853 1138 1344 1831 2014 2063 2348 2463 2666 2710 2954 3232 3578 4307
269 1197 1826
270 1442 2402
271 4222 121 1691
272 1808 2565 3529
273 1 3960
274 1990 4558
275 2234 2906 3262
276 2547 4230
277 1955 2807 1390 3224 3967
278 2524 3823 4392 4629
279 2451 2684 831
280 724 910 1621 3905 2567 2587 4278
281 868 2055 515
282 2670 1654
283 2236 3286 3127
284 190 675 3770
285 4225 3339
286 2024 3306 3342 3508 931 1340 2627 2643 4397
287 582 809 1239 1279 1498 1790 1920 2231 2392 2955 3309 3691 3781 4109 4285 4309 517 1421 1779 2517 3692 4065
288 2661 785 2707 4055
289 2529 4436 4573 204 1994 3580
290 32 1189 1284 1987 2803
291 1936 1983 2022 2058 2683 2755 3297 3689 3966
292 1619 1523
293 4006 360 412 500 547 1525 1601 1683 1898 2286 2356 2767 2996 3348 3982 4625
294 1723 808 1621 1631 2449 2629 3187 3557 4000 4120
295 2917 4198 931 1166 1388 1510 2392 2643 2705 2835 2924 3439
296 3713 2614 3577
297 4038 4430
298 1105 3122 3284
299 334 997 1339 3224 3545
300 2139 2723 912 1264 1477 1481 2424 2920 3190 3779 4027
301 69 843
302 3670 4389
303 2657 2886 2908 2975 3256 3985 165 432 548 864 1172 1288 1967 2241 2275 2460
304 1857 2033 2110 2242 2540 2693 3025 3162 3433 3889 4108 4171 4226 459 731 921 1034 1610 2638 2682 2741 4313 4379 4600
305 2058 3599 3966
306 2546 3393 3561 3642 4154 262 1675 1736 2139 2180 2258 2690 3028 3313 3973 4027 4138 4201 4292 4298
307 2967 3092 1334
308 469 959 1408
309 1556 1806 3802 3827 1325 1377 1828 1863 2796 3504 3926 4198
310 1776 1335 1681 1981
311 2885 3617 4197 4325 4336 343 702 872 1790 1895 2738 3857 3861 3949 4327
312 2401 3818 4068 457 1051 1131 2490 3473 4521
313 377 1106 1594 1632 2621 4596
314 1655 1724 1867 2694 3238 3598 3806 4191 4371 37 439 507 645 754 804 1291 1485 1503 1895 2075 2186 2627 2686 2771 2885 2897 2917 3063 3132 3147 3269 3421 3735 3757 3781 4335
315 2294 2560 2636 3245
316 2170 3085 3103
317 775 1151
318 3141 3295
319 2662 4201 4531
320 1752 4115
321 2318 303 1348 1620
322 769 2909 3822
323 308 1381 1726 2087 2089 2180 2307
324 2305 3980 4350 128 206 257 609 3225 3761 4326
325 2201 2685
326 3030 4484
327 2516 3922
328 2111 2170 3085 3103
329 2096 2789 3286
330 2769 3953 4043 568
331 2182 4534
332 4073 4302
333 2685 4405
334 2614 3357
335 906 3234
336 600 1364 1576 1838 3445 4211
337 3267 3289 3725 3796 3939 248 771 1349 1479 1907 2465 2528 3057 3395 3634 3814 4299 4479
338 657 741 1873 3179 3910 4631
339 25 2636 3494 4523
340 2357 3402 4025
341 2095 3049 3069 4107 136 2375 2999 3027 3215 3288 4165 4403 4542
342 793 3202 3565
343 1368 1716 1756 2653 2689 3116 3360 3899 4418 4494 4557 29 31 168 594 620 632 679 736 818 979 1198 1325 1371 1441 1552 1637 1659 1718 1753 1804 1813 1935 2095 2126 2245 2865 2931 2949 2999 3035 3044 3125 3215 3280 3553 3751 3759 3896 3926 3963 4084 4105 4250 4406 4560 4577 4592 4614
344 721 1198 1213 1215 1349 1464 1555 1756 2528 2653 2849 2999 3125 4084 4105 4299 4444
345 1709 4482
346 2920 3996
347 2238 2595
348 2202 3136 3829 4304 18 1159 1293 1338 1797 2198 3701 3832 4057 4420 4487 4539
349 3198 3304
350 1015 1853 3213 3425 3530 3560 3765 3926 3976
351 954 3991 566 2207 2999 3170 3430 3724 3978
352 3820 1869
353 1200 2327 2380 2868 3082 3153 3437 4086 29 93 184 197 316 338 350 559 606 702 872 971 1041 1171 1213 1281 1457 1496 1501 1553 1653 1660 1729 1868 1875 1985 2059 2090 2128 2194 2285 2326 2751 3025 3354 3396 3414 3452 3509 3614 3621 3655 4198 4254 4267 4574
354 106 1437 3242
355 2106 2655 2896 4226
356 2216 2237 2258 2490 3207 3561 3818 4068
357 2239 2776 2957 4137
358 3370 3743 215 931 1374 3203 4294 4333
359 1716 1847 3331
360 4255 4638 796 974 995 1310 1878 1961 3135 3332 3551 3625 4391
361 4407 174 290 577 702 953 971 1164 1200 1638 1870 1939 2100 2257 3082 3312 3470 3759 3926 4013 4167 4254 4325
362 1469 1713
363 2532 2959 3624 3853
364 107 1737 4256
365 1049 1227 1491 1577 3220 3491 3512 3546 3609 4129 4283 159 1167 1304 1414 1465 1479 1730 1861 2180 2571 2798 2887 3434 3467 3618 3830 3876 4154 4455
366 2708 3595 3629
367 228 1527 1834 2665 3133 3567 3863 3907
368 2049 3016
369 1817 2645
370 4114 163 343 2400 3381
371 576 693
372 1793 2141 3183 3569
373 288 976 1639 2419 2903 3346 3716
374 292 4559
375 599 667 3321 3985
376 3810 4265 134 1217 1792 1843
377 1282 2883
378 152 288 3510 3716 4020 4200
379 1100 3558
380 2475 3245 4258
381 642 3599
382 396 882 2862 3604 19 167 307 335 826 841 1755 1761 4162 4425 4428
383 4148 179 1081 1224 1371 1967 3035 3280
384 3272 3291 1486 2180 2895
385 212 240 577 752 1039 1070 1612 1626 1655 1662 1893 2222 2371 2392 2705 3926 3988 4109 4242
386 2844 2994 3138 4023 4474 584 1053 2559 2968 3449 3690
387 1613 3140 3882 4327
388 1176 2657 2886 3038 3186 3669 4019 4263
389 1193 2434 434
390 1911 2222 2411 2652 2664 2773 4108 4610
391 2092 3381 4327
392 3597 4530
393 543 594 1171 1587 1660 1700 1868 1911
394 1796 2238 3293 4352
395 941 3746
396 4064 88 446 621 2273
397 631 1563 2680 3323 4598
398 1738 2738 3126 4316
399 1985 2513 2867 4332
400 3957 749 823 982 1034 1141 1363 1782 2033 2052 2242 2431 2638 2693 2760 2859 3077 3162 3354 3414 3889 3983 4086 4108 4226 4253 4313
401 3799 361 3760 4423 4455
402 2381 2295
403 88 2725
404 3320 1321 2179 3154
405 2616 3035
406 1927 2047 2597 3895 408 1655 2581 3063 3238 3806 3855 3992 4311 4521
407 1758 98 4173
408 29 996 1052 1153 2922 3399 3553 4093
409 3579 1219 1566 3508 3820
410 410 481 1453 1622 3073 3428 3980 4350
411 1347 2945
412 2830 3068 4128
413 3345 1317
414 1028 1171 1244 1552 2448 2557 4071 4165
415 2555 4081
416 2669 4284
417 1609 3369 3664 4190
418 3774 4437
419 2748 3329 3728
420 100 320 691 825 1247 1287 1320 1504 1609 1760 2183 3235 3664 4289 4420
421 4070 111
422 1205 2751
423 1574 3821 4295
424 1811 2472 4062
425 3168 3921
426 688 3590
427 217 240 269 290 310 541 872 878 971 1105 1153 1158 1179 1200 1322 1337 1610 1660 1683 1812 1868 1954 2057 2100 2185 2242 2327 2540 2606 2744 2991 3095 3251 3299 3399 3414 3544 3693 3975 4086 4164 4208 4253 4254 4288 4308 4395
428 926 3336 4524 4559
429 3355 3480 470 4514
430 4359 4452 465 590 988 1127 1570 1851 2143 2579 2603 2926 2936 3823 3922 4048 4066 4094 4564
431 1118 2529 3580 4573
432 2631 3244 4002
433 1931 3904
434 386 1758 4173 4399
435 270 836 2980 4361
436 1663 3527
437 4207 1137 2219 2653
438 2815 4084
439 3805 4584 1516 1641 3588
440 1423 1533 2594 2785 233 837 1435 1751 2570 3280 3685 4435
441 4645 190 2208 4306
442 1993 2288 3631
443 3009 4378
444 2993 4287
445 3276 3812 4076
446 1371 1444 2683 3363 3926 4577
447 2263 2928 4456
448 684 1670 3305
449 694 1513 2734
450 2372 2450
451 1891 2168 2454 2537 2713 2780 2889 2976 3012 3311 3334 3373 3456 3593 3679 3721 3783 3828 3940 4368 281 333 418 520 537 552 557 650 1021 1394 2159 2167 2328 2375 2568 2778 3013 3057 3069 3129 3134 3261 3349 3485 3519 3884 4107 4244 4403 4595 4621 4640
452 1122 3603
453 2880 362 1297 1399 2632 3088 3123 4085
454 464 2277 3577 3713
455 3066 3427 4083 4454
456 1435 2074 2154 2785 3319 3724
457 3241 4347
458 2951 3112 2145
459 989 1717 1943 3492 4635 983 2029 3003
460 2657 3256 4098
461 1643 3624
462 2277 2665 3567
463 3050 39 3661 4584
464 1269 3205
465 644 854 2637 3193
466 2633 1272 1656 2560 2636 2716 3494 4544
467 608 1774 2163 3226 3607 550 1050
468 3311 3593
469 2498 3386
470 1515 414 1134 2526
471 1355 2781 3229
472 1885 3629
473 481 554 666 1900 2030 2220 2305 2943 3428 3980 4175 4421
474 974 1988 2061 3631
475 4438 2054 3146 3887
476 3665 3801 4137
477 1116 3198 4237
478 481 2220 2305 2721 2833 3375 3428
479 1872 3282 3387 4328 0 65 327 614 716 897 1010 1084 1281 1376 1600 1621 1790 1845 1876 1938 2051 2090 2153 2325 2449 2507 2537 2568 3018 3057 3153 3231 3257 3303 3425 3557 3649 3679 3739 3771 3783 3831 3905 4120 4130 4160 4179 4254 4595
480 3635 4270
481 390 2083 3300
482 3336 4524
483 4445 805
484 1386 3720
485 3155 4227 805 4205
486 972 3247 3330 781
487 2846 3443 3534 3851
488 1211 1633 2439 2863 3221 3816 4368
489 647 1033 3277
490 195 281 1530 2394 2450 3057 3483 3961 4456 4508
491 1110 1456 2347 2820 2995 4459 4483
492 1474 2599 1063 1244 1853 2713 3284 3530 3560 3979 4611
493 534 3712
494 483 3177
495 481 3980
496 523 577 821 1770 1997 2410 2695 3596 3765 3957
497 2387 3777
498 613 691 2656 3379
499 29 171 394 412 485 543 594 599 606 619 837 896 927 1021 1261 1400 1441 1444 1501 1804 1898 2417 2427 2496 2819 2894 3167 3212 3280 3740 3899 3926 4276 4339 4592 4625
500 2907 2722 2994 3138 3449 3690 4023 4474
501 2519 3169
502 857 3110
503 1087 1572 3789 3798
504 372 931 968 1042 2147 3652 4294 4451
505 500 513 916 2606
506 2503 3054
507 4581 40 182 480 635 663 909 931 1010 1042 1426 1631 1655 1669 1720 1761 1938 2024 2083 2629 2643 2765 2885 2924 3306 3508 3579 4114 4120 4182 4364 4475 4538
508 2571 2580 3324 3333
509 2655 4074
510 1708 1262 1791 2598 2987
511 4032 481 3428 4350
512 1493 3199 3816
513 3809 4546
514 3036 3971 1841
515 2212 2857 475 1435 2617 3004
516 4411 4464 142 277 1226 3049 4299
517 1698 4084 4501
518 1481 1754
519 255 3740 4021 4341
520 3645 4042 64 319 1469
521 3755 2035 2737 3810
522 2736 3037 4290
523 978 1159 1293 3701
524 4235 1732 2133 3006 3750 4009
525 1508 2549 834 991 1083 1557 1571 2393 2574 3358 3626 4111
526 2692 4097
527 772 2296 2812
528 1696 2040 2067 2941 3413 159 449 452 773 877 1264 1414 1577 1734 1861 2174 2360 2720 2873 3070 3434 3461 3491
529 999 1050 1589
530 375 545
531 101 268 330 449 452 933 1049 1304 1414 1734 1861 2067 2200 2941 3220 3434 3513 3618 4102 4154
532 684 2544 3987
533 3002 4634 622 1196 1704 2029
534 4224 856 1016 1336 1486 2054 3964 4054
535 3060 4101 4136
536 15 3897
537 2137 2258 3149 4080
538 1071 2244 2534 3589
539 1175 2326
540 1416 2608 4072
541 1368 1515 1611 3523
542 1966 2001 3473
543 2818 3255 3634
544 2212 2617
545 2145 2211 2795 2951 3112 3737
546 305 644 1479 1920 2495 2798 3781
547 1425 1960 2797 3406 833 1815 1819 4028
548 2998 1554 1951
549 4188 4436
550 348 783 1825 2396 2434 3024 3048 3476
551 737 2442
552 2071 3865
553 1885 2708 2963 3629
554 197 1984 3315
555 1360 3139
556 744 762 962 1297 1917 2988 3183 3673 3913
557 3722 4391
558 241 1121 2344 4384
559 3314 3651
560 3292 4124
561 1535 1550 1607 3733 3783 3981 4030 4533
562 2008 2332 2895 3157 3726 4224 4445
563 3469 3912 150 200 209 393 740 3233 3486 4543
564 2258 3393
565 602 1202
566 67 260 4624
567 2761 2782 4357
568 3883 65 433 1077 1938 1998 2153 2629 2671 2992 3187 3303 3309 3739 4000 4125 4127 4141 4475
569 448 1591 3573
570 3996 4457
571 3395 4053 4479
572 3582 4337
573 2468 2548
574 1475 3674
575 814 1060 1538 1973
576 1079 3891 4639
577 470 2182
578 122 868 2055
579 192 2447 3156
580 3424 748 4169 4641
581 4118 1191 1403 2126 2339 2847 3896 4254
582 1926 1990
583 2195 2306 2630 4582
584 3767 4059 4589
585 1450 1671 1882 1922 1964 2487 2965 3372 3576 3632 3717 4153 4380 4617 136 221 281 567 650 759 1030 1037 1308 1330 1407 1509 1721 1986 2038 2079 2297 2375 2394 2463 2537 3027 3057 3134 3456 3634 3668 3721 3884 3961 4068 4143 4244 4345 4368 4447 4508 4645
586 1440 2361 3608
587 535 647 811 1319 1575 1882 1891 1964 2375 2537 2607 2610 2780 3012 3134 3197 3277 3289 3372 3634 3717 3828 3940 4068 4348 4363 4380 4567 4617 4621
588 2111 2170
589 2801 3181 3592
590 361 452 463 495 626 877 1035 1167 1304 1414 1696 2119 2180 2200 2580 2784 2941 3307 3324 3413 3434 3477 3609 3760 4129 4154 4283 4480
591 2253 2680 3748
592 4606 409 417 2214 2604 2637 3193 4320
593 473 2114 2645
594 1385 1410 1849 3838 4471
595 851 1209 3867 4135
596 2851 4051 220 4069 4558
597 2082 2529 4436
598 419 2020 4490 1058
599 2957 3665
600 4082 4238 4282
601 2956 4117
602 3108 3185 3984 112 300 337 384 395 423 586 758 938 961 1093 1148 1236 1521 1902 1918 1930 2078 2369 2393 2772 2933 3115 3209 3279 3308 3318 3566 3594 3688 4424 4496
603 699 3166 4241
604 2754 3182 3317 4213 4469 167 189 310 328 338 1132 1553 1630 1659 1692 1853 3212
605 2804 4563
606 778 3091 3250 766 1476 3834
607 3291 3458
608 1752 2476 3046 4272
609 100 1320 1727 2221
610 3327 3879
611 1203 1836 2871 4063
612 1123 3054
613 2305 2663 2813 2990
614 358 738 1194
615 2177 3855
616 2953 348 430 813 957 992 1193 1278 1398 1536 1708 2149 2204 2396 2441 2506 2539 2791 2930 4015 4050 4410
617 2462 3381
618 748 888 2105
619 2837 429 567 585 1030 1095 1525 1964 1965 2167 2375 2767 2780 2832 2965 2976 3129 3334 3552 3816 4107 4216 4448
620 1651 2021 3061 3178
621 1962 2386 2405 3381 3824 3976 4078 4165
622 3256 4098
623 2237 3547 3818
624 3304 4291
625 1785 2082 2529 4573
626 1273 3666 1102 3807 4320 4365
627 1241 1266 3452 4476
628 193 432 594 837 957 1045 1055 1357 1380 1556 1580 1660 1806 1889 2107 2334 2342 2349 2562 2791 2865 2877 3015 3612 3702 3827 4089 4210 4267 4448
629 2724 3581
630 2100 3399 4329 4395
631 1609 2183 3136 3235 3369 3664 3701 4420
632 2150 4190 4304
633 2365 3990
634 4113 735 1099 1176 2886 3038 3669 4133
635 1184 2769 4043
636 740 983 989 1717 3002 3486 3912
637 2073 3749
638 3514 4358 4536 109 213 519 724 1109 1135 1366 1421 1446 1507 1561 2231 2409 2615 2885 2954 3352 3546 3806 4285 4309
639 710 2310 3657 4373
640 2366 3643
641 893 1177 2847 4118
642 1299 1649 77 166 442 608 629 1589 1774 1795 1974 2274 3607 4016
643 532 4028
644 2123 3271 3508 4538
645 333 453 588 780 828 880 929 956 1330 1967 2297 2394 2774 3057 3236 3721 3839 3961 4427 4557 4587 4621
646 362 1297 1543 1759 2413 3715 3841 4604
647 1176 2886 3669
648 1665 2900
649 1002 3176 3868
650 898 1458 4037
651 1091 2816 3036 3379
652 2040 2069 2360 2592
653 935 3406
654 656 2714
655 3453 27 149 271 418 1144 1344 1447 1482 1912 2006 2167 2768 2778 3134 3348 4307 4621
656 2065 1188 1878 3722
657 4212 431 3796
658 2425 3932 4382
659 240 630 996 1160 1868 2222 3354 3553 3732 3759 4013 4084 4164
660 1461 1614 1978 3087 3432 4030 4152
661 1266 3953 4043 4476
662 530 2981
663 311 323 680 972 1142 1299 1395 3330
664 2332 3917
665 553 1029 2122 2869
666 3790 237 1907 2596 3467 3746
667 2527 835 2243 3947
668 961 1103 1427 1811 2772 3128 3403 3497
669 2182 3480 4473
670 2486 3172
671 3924 147 931 1506 1790 1867 1893 2039 2392 2631 2643 3439 3871 3943 4047 4485
672 212 240 269 321 438 449 486 506 519 614 729 838 910 921 971 1090 1141 1237 1279 1363 1379 1421 1446 1465 1529 1596 1678 1857 1895 1927 1934 2083 2139 2225 2375 2401 2537 2546 2620 2638 2640 2662 2745 2897 2917 2954 2964 2978 3063 3077 3134 3282 3399 3433 3532 3619 3706 3848 3889 3914 4027 4171 4226 4257 4308 4407
673 222 259 2278 3427
674 1852 3946
675 1884 4099
676 1390 1781 1858 2068 2246 2395 2435 3967
677 1125 1928 2785 3254 3724 4069 4091
678 868 1908 2048
679 3237 3272 4095
680 953 2842 3079 3302
681 528 555 1130 1686 1879 2017 2523 2985
682 1415 403 1963 2370
683 3089 3500 4535
684 1742 2160 2345
685 1238 1515 1772 1828 2134 2498 2526 2689 2697 2734 3464 3555
686 1990 2336 2973 3419
687 1402 4519 796 1846
688 25 690 2294 2560 2633 2636 3245 4544
689 1664 1798 2309 2585 3572
690 1054 1123
691 933 1049 1167 2873 2941 3830 4223
692 1897 1915 2993 4287
693 132 398 1903 2540 3025 3162
694 1635 2134 2526 2842 2905 4084 4166 4526
695 3243 4324 4485
696 611 2193
697 1693 2161 2527 2647 4225
698 3827 4010
699 2126 2999 3214 4557
700 111 1522
701 2235 239 1255 2564 3082 3407 4325
702 1855 4483
703 566 620 696 711 1178 2154 2653 2890 3159 3633 3657 4392
704 1894 3776
705 2729 1169 3925
706 2130 3021
707 706 903 1145 1299 2274 3292 3330 3970 4532
708 603 619 907 1120 1232 1405 1444 1776 1834 1842 1936 2417 2464 2665 2683 2755 3079 3363 3599 3689 3719 3863 3966 4374
709 661 765 1240 3952
710 383 584 1807 2551 2907
711 2212 4240 4336
712 2471 3838 4545
713 158 232 2027 2266 2384 2572
714 2066 404 2040
715 2500 2480 4585
716 3575 4578
717 419 1169 2855 3864
718 2521 319 1294 1469 1593 3645 4042
719 1212 2366 3643 3962
720 3266 3873 1150
721 1445 2904 3926
722 1523 1619 2763 2793
723 1355 2852 3712
724 1652 2526 2689 3555 3585 3926 4126
725 232 745 996 1796 2126 2215 2238 2349 2384 2626 2783 3478 3553 4014 4612
726 3502 1206 1319 2940 3479 4333
727 3107 3397
728 558 2182 3355 3480
729 168 660 2949 4112
730 815 1150 2118 4075
731 2129 2912 3542 4217
732 3681 3849 4209
733 125 1287 1609 1760 3136
734 2259 3937 4047
735 3098 4282
736 3001 3056 4286
737 3403 3594
738 360 565 4494
739 2826 2843 3752 3871
740 649 2165 2714
741 523 1997
742 1874 2977 3264
743 2474 4552
744 410 481 1821 2305 4185 4350
745 112 758 961 1236 2404 2470 2511 2549 2925 3209 3548 3984
746 1745 1808 1937 4507
747 3874 3898
748 377 1114 1192 1594 2621 4005 4353
749 247 696 1788 3724
750 1428 2583
751 1230 4228
752 802 1668
753 3513 3606 4292
754 1432 1722 2002 2026
755 2717 3938 266 579
756 1553 2754 3082 3182 3212 3675 4213
757 3295 3656 3833 4520
758 656 2469 2714 3628 3768
759 649 2714 3074 3490
760 210 383 1629 3521
761 3194 400 519 1018 1421 2517 2522 2811 3503
762 61 2023 3538
763 1486 2008 2180 2261 2895 3146 3157 4445
764 1302 1620 2156 2318
765 3896 4494
766 362 1399 2485 2880 4085
767 635 2566 2884 4215
768 4206 4331 4506 37 41 124 167 194 258 287 316 317 359 369 480 486 507 517 670 674 756 777 779 809 911 1042 1071 1104 1109 1157 1195 1198 1228 1281 1340 1366 1388 1392 1424 1464 1498 1551 1621 1655 1669 1678 1680 1707 1735 1790 1812 1845 1895 1955 2028 2051 2083 2230 2304 2380 2392 2400 2462 2554 2597 2610 2646 2697 2704 2765 2824 2849 2885 2956 2974 3055 3063 3099 3132 3153 3161 3238 3246 3270 3277 3285 3309 3333 3342 3372 3381 3382 3396 3426 3563 3585 3621 3644 3765 3797 3806 3819 3883 3905 3943 4058 4120 4141 4147 4191 4250 4299 4309 4311 4348 4401 4418 4472 4636
769 664 2091 2410 3603
770 2269 4464
771 476 2111 3641 3699
772 514 753 1535 1731 3261 4362 4533 4579
773 1330 2661 2756 2837 3057 3069 3250 3368 4041 4107
774 1794 2554 2798 4234
775 481 1107 1599 1909 2721 2833 3080 4185 4326
776 2655 2792 4322
777 492 1415 1785 2082
778 2352 2858
779 656 2714
780 776 1411
781 995 2616 4512
782 2350 3266 3873
783 3326 3751
784 4553 388 906 955 1433 1990 2064 2279 2822 2851 3119 3419 3583 3769 3842 4033 4142
785 885 1311 1369 1541 1783 1845 1965 2056 2095 2553 2661 3022 3069 3091 3277 3300 3389 3552 3827 3940 4068 4186 4580 4587 4617
786 316 359 582 969 1281 1285 1659 1955 2226 2323 3082 3182 3215 3231 3396 3432 3437 3739 4086 4418
787 408 662 1073 1316 1596 1985 1995
788 2034 3804
789 3258 94 803 884 993 1126 2970 3727 4585
790 1208 1355
791 3602 1650 1708 2506 2539 3808 4410
792 1824 4547
793 293 406 2293
794 2282 3261 3359 4026 4551 4593
795 1360 1418 3139
796 460 1051 2766 4467
797 3058 4436 4573
798 1406 3208
799 927 1225 1309 1721 1846 2241 2337 2401 2427 2454 2919 3013 3102 3215 3288 3456 3479 3754 3844 4041 4403 4517 4542 4556
800 1866 3021
801 821 1034 1857 2004 2110 2620 2640 3392 3433 4198 4383 4486
802 632 682 956 960 996 1232 2385 3019 3363 3567 3689 4031 4459
803 1005 3708 4442 4601
804 2562 3043 3870 3896 4048
805 2764 3101
806 1619 2213 2763
807 101 268 452 463 495 499 580 877 933 1491 1887 2067 2180 2720 2784 2941 3434 3929 3999 4129 4257
808 2802 829 1011 1229
809 2126 3142 3489 3722
810 1564 3281
811 2350 2531 3253
812 3259 399 2987 3263
813 2987 4181 4560
814 2684 4640
815 3242 3956
816 3045 3109
817 2086 2282 3359 4510
818 401 992 1398 2441 2506 2577 2805 2953 3083 3602 4181 4410
819 712 3468 3507
820 2952 4439
821 423 2508 2622 3511
822 2138 1118 2109 2491 2529 3580 4463 4573
823 2373 2963
824 1548 2181 4222
825 4499 415 439 669 756 944 1043 1291 1829 2677 2954 3270 3285 3707 4335 4536
826 2552 17 82 211 243 750 899 1004 1454 1579 3250 3616 3677 3815 3827
827 26 1432 1722 3835
828 3384 4139 2302 3859
829 2192 4140
830 4177 683 1154 2143 4359 4447
831 1005 1415 3708 4039 4442
832 1314 3987
833 1483 3639
834 522 531 561 958 1389 1474 2449 2660 2934 2947 3303 3979 4114 4125 4127 4141
835 3834 3843
836 307 335 533 634 882 1478 2056 2477 2536 2675 3852 4162
837 1176 1180 3669 4106 4199
838 782 1352 3379 4220
839 913 1480 2918
840 2758 3648 3701
841 2786 3659 4123
842 748 3424
843 4481 202 2762
844 2047 2059 2966 3043 3203 4332 4344 4605
845 637 950 1394
846 2209 3647
847 2958 4275
848 2153 3023
849 3950 778 2229 3250 4579
850 3851 3869
851 730 1109 1239 1366 1401 1421 2191 3194 3276 3514 4434 4607
852 2018 2046
853 1348 2156 2318
854 908 3296
855 266 579 1803 2299 2717 2876 3938
856 2291 2404 2511 3890
857 2740 4239 498
858 2289 2600 2679 2736 3037 3050 3588 3805 4290 4584
859 4193 4318
860 554 4414 4421
861 2334 2491 2529 3580 4210 4436 4573 4588
862 819 1499 1621 1655 1867 2028 2359 2513 2777 3306 3342 3382 4331 4366
863 341 4219 4550
864 1901 3274
865 319 932 1469 2521 4042
866 1822 1990 2279 2336 2973 3419 3630 3769 3837 3958 4033 4301 4522 4529 4548 4553
867 366 1003 2571 3324 3653 3760
868 285 866 1065 1276 1378 2216 2463 2686
869 2442 3394 3874
870 172 327 839 1268 1535 1956 2099 3091 3341 3554 3615 3733 3783 3827 4179 4328
871 1016 1934 2303 3352 3887 3945 4054 4438
872 2799 2839 3719
873 288 1036 1639 3716
874 1849 2060 2253 2312 2743 4545
875 2893 3858
876 2729 3508
877 560 1059 2255
878 2981 3643 3962
879 3744 4222
880 586 991 1103 1902 2291 2470 2574 2625 2750 3984 4496
881 1301 2296 4317
882 2011 4088
883 358 738 1194 1531 1586 3378 4150 4310
884 1376 3195 3303 3387
885 2399 2643 2924 3025 3117 3162 3414 3706 3889 4308 4321 4379 4618
886 3358 3626
887 509 2092 2660 3593
888 3030 3092 4590
889 1762 2330
890 1686 2985 3662 4323
891 409 1166 1167 1273 1341 1370 1479 1830 1946 2116 2139 2180 2258 2495 2723 2920 2955 3196 3313 3467 3663 3753 4027 4320 4354
892 1636 2292 2481 4152
893 1461 1636 1978 2280 2292 3290 3866 3933 4152 4580
894 311 680 781 4599
895 3194 3249 3801
896 1494 3050 3805
897 294 1031 1308 1476 2552 3219 3415 3815
898 2003 3528 3345
899 3353 3517 4392 4452 4629
900 2135 3086
901 2947 3384 3859 4139
902 509 1240 4017
903 397 1393 2455 3858
904 1149 4555
905 1647 2150 2183 2202 2556 2687 2749 2961 3235 3701 4602
906 742 2872 3139 3164
907 70 186 307 335 882 2477 3604 3758
908 368 3252
909 192 3664
910 1398 1536 1650 1708 2506 2577 2953 3747 4410
911 2272 3441 3729
912 1303 2876 2989
913 863 3051
914 396 618 634 882 1280 1953 2675 2862 3604
915 2618 3780
916 384 447 482 493 586 758 1236 1557 1811 1902 2078 2369 2574 2788 3029 3071 3108 3115 3279 3460 3688 3984
917 1451 3856
918 1184 3230
919 3624 3853
920 128 326 481 666 2943 3428 3980 4032 4155 4175 4185
921 2146 3811 3977
922 4234 4557
923 481 1743 2721 2833 2943 3225 3375 3428 3772 4032 4059 4468
924 661 743 1035 1240 1414 1491 1805 1861 2634 2784 2887 3070 3307 3730 4102 4154
925 1660 2107 3015 3827
926 767 1466 1853 3676
927 314 772 2296 2733 4317
928 551 985
929 94 3993
930 1856 2844 3106 3138 3449 4023
931 202 2970 2983 3130 3258 3684 4157
932 1186 2009
933 1156 3811
934 830 2659
935 1420 2950
936 580 723 1086 1391 1887 2189 3482 4257
937 1383 2366
938 264 3401
939 1805 2116 2499
940 1854 4192
941 738 1586 2116 3378 4310 4492
942 3989 4461
943 4449 4554 4638
944 882 1280 1478 1862 1953 2343 3758
945 4571 1323 1975 2802 3283 3469 3492 3671
946 1132 1309 1858 2098 2246 2354 2423 3016 3082 3410 3754 4556
947 744 793 962 1375 2880 3380 3565 3715 4422 4630
948 386 1703
949 597 1425 1960 2505 2915
950 3344 3917
951 2949 4565
952 1418 3164 4268
953 1381 2087 4323
954 2840 3623 3800
955 2923 4103
956 1188 2829 3867 4239
957 1029 2779 3683
958 43 733 1147 2858
959 1048 1809 3879
960 2067 2566 3536 3760 3799 3836 3986 4247 4271 4480
961 610 813 1072 1371 1435 1630 1875 2267 3696 4015 4390 4435
962 1257 3283 4543 4634
963 1232 1405 1441 1444 1834 1936 2755 3297 3567 3955 3966 4577
964 1685 3402
965 1317 2003 3345 3528
966 2191 2522 3194 3514 3931
967 2938 1125
968 374 508 1347 1419 1812 1985 2391 2706 3131 3132 4299 4331 4366
969 852 1033 1220 2249
970 2166 2605
971 1302 2318
972 3059 4022 4360
973 3742 4410
974 1904 3316 3790 4316
975 1739 2875 3247 3607
976 3350 85 830 2659
977 640 2502 2696 3151 3755 4084
978 1250 3286 4036
979 1996 4239
980 1387 2167 2463 2639 2661 3129 3373 3785 4411 4499 4615
981 3896 4045
982 35 962 1112 1245 1297 1520 1671 1759 2607 2988 3013 3380 3550 3694
983 1048 1183 3700 4367
984 374 439 506 654 663 729 804 838 872 885 931 944 1018 1128 1239 1291 1366 1419 1421 1426 1485 1498 1499 1621 1655 1895 1927 2028 2047 2083 2085 2090 2175 2392 2581 2694 2885 2974 3099 3104 3147 3238 3325 3362 3421 3563 3598 3707 3806 3893 4077 4109 4242 4250 4299 4348 4581 4636
985 452 626 725 773 877 1057 1163 1167 1273 1304 1370 1414 1568 1696 1920 2025 2116 2180 2518 2554 3070 3196 3434 3546 3663 3753 3813 4283 4320 4455
986 2120 2411 3926 4322 4334 4443
987 4296 4067
988 2070 3042
989 428 872 1097 1643 3312 3440 3624 4470 4509 4650
990 2082 2529 4436 4573
991 2708 3595 4513
992 152 288 1625 4020 4200
993 138 2452
994 2155 2810 2951 3112
995 2227 3173
996 2053 2852 3188
997 553 2122 2779 3840
998 2062 2861
999 2203 4417
1000 369 526 761 767 1015 1105 1158 1162 1170 1179 1195 1215 1514 1597 1637 1659 1683 1755 1939 1967 2185 2244 2564 2599 2745 2754 2849 3082 3182 3213 3399 3560 3676 3787 3896 4204 4213 4254 4469 4536 4566
1001 2868 3137
1002 1665 2492
1003 344 1608 2007 4257
1004 664 2091 4267
1005 1950 2009 2011 4088
1006 1115 1224 1771 1798 2126 2401 2616 2979 3430 3636 3978 3985 4041 4103 4148 4565
1007 2727 3273
1008 770 2927 4269
1009 2422 2825
1010 304 2758
1011 1078 1490
1012 529 594 610 818 837 927 1400 1489 1922 1941 1956 2226 2528 2570 2623 2664 2819 2827 2999 3215 3366 3502 3533 3540 3685 3896 3899 4006 4041 4176 4343 4494 4591
1013 4516 594
1014 2505 4243
1015 1272 2294 2475 3245
1016 296 1163 2259 2355 2924 3571 4294 4538
1017 1625 2419 2903 3716
1018 1492 1807 1856 2164 2335 2701 2844 2994 3106 3138 3143 3862
1019 709 878 2760 3693 4074 4253 4415
1020 355 620 641 837 885 1133 1226 1308 1724 1922 1965 2006 2167 2319 2898 3328 3368 4273 4517 4533 4575
1021 1071 1496 1998 2765 2934 3257 3640 3883 4012 4049 4147 4412
1022 204 700 2082 2109 2138 4436
1023 375 1242 2572 3516 4014
1024 2367 3153 3843 4441
1025 3450 4218
1026 151 205 4370
1027 2692 3218 3240 3764 3826 4004 4097
1028 1935 2977 4151 4189
1029 2969 3407
1030 2281 3401 4134 4368
1031 1707 1912 3020 4458 4622
1032 612 1365 3294
1033 4372 4464
1034 707 1968 3014 3993 4157
1035 1859 3737
1036 1694 3224 3231 3466
1037 3417 4481
1038 2267 2268 2619 2923 2987 3083 3474 4101
1039 1486 2545 3313 4445
1040 197 445 459 559 821 975 1038 1214 1645 1660 1782 1840 1857 1955 2260 2410 2473 2538 2773 3392 3433 3702 3718 3765 3957 4180 4198 4486 4600
1041 2891 3064
1042 2387 3777 3900
1043 1294 1469 1593 2521 3645
1044 396 618 1280 3604 3852 4428
1045 1765 3778
1046 2320 2456 3228
1047 520 535 1030 1062 1161 1482 1524 1678 1882 1891 1944 2167 2176 2375 2394 2610 3013 3057 3129 3134 3334 3349 3372 3479 3496 3578 3717 3725 3795 3796 3828 3939 3961 4153 4202 4244 4348 4368
1048 2105 2429
1049 548 646 864 1888 2908 4207
1050 1020 1594 1632 1766 2621 4132 4596
1051 1332 1424 1678 2704 3223 3885 3945 4027 4274
1052 1943 2136
1053 859 2258 3512 3642
1054 1249 2358 3123 3431 4349
1055 1011 1296 1975 2802
1056 2959 3624
1057 2416 3007
1058 2250 3278
1059 1766 2667 3854 4161
1060 1800 2558 3371 3814
1061 1531 1586 3746 4492
1062 1495 2648
1063 2199 3516 4014
1064 125 1609 2687 3136
1065 2700 3756
1066 1020 1594 1766 2667 2860 2997 3946 4005 4319
1067 2606 2898 4395
1068 269 321 654 1130 1178 1215 1454 1498 1579 1607 2230 2436 2643 2777 2826 2864 2884 3032 3063 3479 3752 3763 3820 3943 4061 4297 4324 4469 4472 4485 4581
1069 722 2960
1070 1199 1256 2344
1071 2496 3825 3909
1072 914 3877
1073 1236 1557 2369 3185 3308 3688
1074 263 2862 3792 4055
1075 4449 4554 4638
1076 3522 4458
1077 2307 4342
1078 321 382 1607 2704 3579 4364
1079 2584 2833
1080 659 2329 2421 2914 3423 4248 1436 4385
1081 539 3066
1082 922 2938 3191 3505 4261 4398 4515
1083 349 966 1052 1077 1419 1564 1621 1631 1876 2153 2642 2922 3187 3687 3739 3771 4000 4120 4566
1084 666 1599 2305 2663 2943 3073 3556 4155 4648
1085 2719 3239
1086 765 900 1562 1580
1087 1277 1621 1688 2301 2420 3269 3342 3543 4281 4458 4607
1088 1518 1967 2626 3280
1089 985 1833 3894
1090 653 2139 2262 2490 2596 2662 3313 3393 3467 3952 4232
1091 2947 3384 4095 4139
1092 2446 2504
1093 868 1908 2055 2363 4561
1094 1972 2514 2984 3374
1095 140 2930 3775
1096 2161 2527 3339 3916
1097 1049 1167 2067 2941 3070 3830 4129 4223
1098 3014 4157
1099 1237 2409 3361
1100 798 973 1216 1272 1582 2294 2475 2560 2633 2636 3245 4396
1101 1972 2984 3374
1102 3200 3901
1103 508 807 1063 2431 3007 3082 3484 3920
1104 1649 1974 2698 3607
1105 442 608 629 1649 2163
1106 2251 2860
1107 532 597 696 790 833 1080 1154 1161 1198 1371 1542 1615 1697 1699 1740 1832 2187 2528 2746 2797 3090 3125 3221 3319 3406 3483 3488 3633 3724 3741 3796 4028 4079 4092 4212 4444 4498
1108 1129 1155 3350 3524
1109 1413 1966 2216 2463 4068 4163
1110 973 2475 2636 3245
1111 2419 2903 3716
1112 3149 3800
1113 848 1412 1591 3404 4337
1114 1977 2972 4520
1115 897 958 1389 1735 2153 2629 3195 3739 3771 3883 4475 4549
1116 1152 1524 1853 1949 1965 2083 2167 2168 2286 2599 2639 2713 2879 3082 3129 3134 3348 3479 3519 3552 3617 4052 4212 4218 4306 4499 4614 4621
1117 1885 3595 3629
1118 437 2814
1119 2669 3420 4046
1120 1711 2680
1121 2585 2939 3791 4509
1122 2946 3622 4500
1123 175 419 1958 2020 3864 4490
1124 1001 1139 3075 3600 4061
1125 1596 1989
1126 2532 3624 3672 4409 4650
1127 229 768 2512 2739
1128 1497 1693 2243 2647 3339 3916
1129 1272 2636 4544
1130 697 1254 1674 2258 3712 3849 4388
1131 2510 3429
1132 1750 3667
1133 739 2872 4627
1134 1603 2127 3031 3111 3179 3942
1135 2735 2899 3338
1136 1441 1606 1638 1835 1911 3047 3082 3567 3948 4086 4126 4254 4407
1137 1300 4426
1138 2307 4076 4342
1139 994 1029 2122 3840
1140 1527 2169
1141 606 997 1489 1513 2535 2819 2894 3000 3540 3743 3802 3899
1142 612 1969 1991 3175 3294 3356 3946
1143 820 1732 1977 2120 3738
1144 1177 1191 1246
1145 218 402 986 1128 1190 1213 1464 1598 1694 1929 2175 2382 2463 3104 3231 3426 3470 3893 3961 4034 4299
1146 1667 1943
1147 278 962 1311 1399 1759 1917 1964 2249 2287 2398 2607 3152 3207 3552 3715 4163 4422 4446 4617
1148 2221 2586
1149 1368 1611 2126 3523
1150 2041 3436
1151 3664 3701
1152 2478 2525 2797 4028
1153 2916 3549
1154 1674 3271
1155 1439 1839 2188 2776 2957 3878 4386
1156 205 735 2657 3186 3256 4106 4113 4263
1157 2180 3663
1158 1590 3355
1159 851 2752 2935 4314
1160 2188 3878 4386
1161 899 2483 3677 4195
1162 2895 3237 3272 3458
1163 2770 3150
1164 650 1030 2463 2487 3711 4143 4312 4519 4595
1165 575 937 1222 1838 3637 3977 4211 4576
1166 2031 3211 3628
1167 1651 3061
1168 1014 2085 2730 3205 4077
1169 175 419 562 1958 4462
1170 1455 2385
1171 2414 2548 4011
1172 1301 4121
1173 1629 2551 2907 3143
1174 703 858 866 946 971 1128 1130 1235 1291 1503 1831 1919 1929 2567 2646 2654 2686 2706 2709 2745 2759 3104 3124 3154 3325 3362 4299 4315 4411 4536
1175 901 1206 1283
1176 676 1391 1880 1887 2189 3482 3532 3930 4257
1177 1702 2140 2310 2422 2845 2890 3072 3268 3974 4392
1178 1177 1246 4568
1179 4572 4637 659 886 1436
1180 1026 1056 1883 2247
1181 1834 1936 2058 2115 3347 3599 3610 3713
1182 2261 3313 3726 3728
1183 442 2698 3584
1184 774 2845 3268
1185 1477 1801 2116 4298 4320
1186 3892 4064
1187 2142 2670 3296
1188 2316 3847
1189 367 399 434 783 957 1193 1505 1536 1624 1650 1708 2172 2434 2441 2619 2921 2987 3024 3259 3602 3734 3747 3927
1190 1916 4369
1191 2641 3039
1192 2308 3613
1193 2152 3255 3512 3642
1194 133 165 432 548 594 928 1176 2015 2275 2458 2874 3669 4106 4113 4263 4603
1195 3527 3620
1196 716 4120
1197 2650 3093
1198 1876 1938 1998 2153 2449 2629 2671 3679 3739 4131 4160
1199 656 2848
1200 1375 1543 3380 3913
1201 63 2381 2445
1202 2901 3219 4328
1203 2573 3097
1204 802 1883 4302 4416
1205 2641 3176 3412 4402
1206 1666 2569 2651 2822 3455 3958 4301 4553 4643
1207 472 1038 1657 1844 2628 2655 4527 4610
1208 668 1252 1563 1979 2913 3113 3564 4528
1209 1526 1833 3682
1210 505 525 529 535 552 557 567 582 594 620 704 736 750 837 869 927 954 960 964 986 1009 1076 1131 1154 1161 1178 1263 1279 1290 1306 1402 1407 1419 1423 1450 1493 1648 1690 1721 1744 1763 1764 1832 1850 1882 1923 1944 1967 2006 2076 2229 2377 2394 2401 2487 2501 2507 2528 2557 2610 2710 2766 2780 2837 2919 2964 2976 2979 3012 3013 3022 3049 3057 3102 3105 3134 3170 3172 3215 3277 3349 3365 3366 3372 3409 3448 3479 3576 3636 3725 3741 3783 3785 3796 3828 3961 3965 3973 3988 4090 4120 4130 4134 4153 4165 4212 4244 4273 4303 4363 4403 4411 4429 4467 4517 4551 4575 4612 4621
1211 616 952 3897
1212 1380 1556 1718 1806 2440 2612 3827 4084
1213 758 1236
1214 1978 2223 2232 4152 4580
1215 3098 4082
1216 253 895 2390 3340 3942
1217 126 364 2077 2854 3422 3650
1218 365 960 4024 4276
1219 2914 3423 3995 4637
1220 2857 3335 4608
1221 987 1263 1914 2537 2661 3134 3261 3312 3349 3383 3576 3717
1222 2500 3258 3727
1223 1702 4104
1224 1890 3951
1225 1614 1759 3715
1226 2600 4387
1227 1659 1940 1967 2385 2809 3553 3787 3926
1228 3710 4300
1229 1155 2219 3350 3524
1230 581 1633 2268 2863 3120 3241 3559 3861 3994 3998 4393 4419 4491 4582
1231 923 2536 4626
1232 168 898 2949 3217 3935 4084 4560
1233 1361 2295
1234 484 3880
1235 758 1148 1236 2078 2117 3318 3984 4496
1236 3438 3710 4300
1237 1676 3206 3817
1238 468 499 2757 3930
1239 2407 3400
1240 1519 3175 3294 3793
1241 775 2949 3935 4084
1242 1290 2930 3775
1243 1287 1320 1760 2556 3701 4420
1244 1490 2388
1245 3639 3686
1246 3412 3868
1247 823 865 891 2022
1248 4500 4503
1249 1233 1342
1250 784 3350
1251 1098 2698 3607
1252 1844 2835 2859 3006 3117 3351
1253 901 2911 3528
1254 1603 1717 2184 2802 3469 3492 3495 3671 4571 4635
1255 481 666 2943 4185 4616
1256 1106 1192 1594 1632 2712
1257 4355 4641
1258 3989 4461
1259 675 1075 1695 1853 2754 4516
1260 1076 2552 3616
1261 1092 1960 2525 2797 4028
1262 556 898 1949 4037
1263 862 869 1161 1402 2454 3012 3496 3725 3816 4593
1264 1992 2689 3601 4089 4235
1265 2728 3108 3128 3185
1266 1027 1140 1968 3417
1267 2482 3227 4067 4296
1268 2397 4323
1269 1216 1272 2475 2560 2636 3245 4376 4396
1270 1082 1848 1945 2935 3053 3746 4172
1271 800 854 1634 2515 2637 2770 3666 3903 4320
1272 2542 2604 2775 4314
1273 1778 3320 3387
1274 669 703 715 724 756 788 970 1291 1421 1447 1480 1507 1524 1597 2085 2186 2324 2537 2646 2694 2706 2709 2759 3011 3131 3148 3285 3362 3372 3421 3453 3848 3850 3920 3969 4191 4202 4299 4525 4536
1275 1231 3457
1276 506 910 915 2203 2850 3462 4031 4606
1277 1824 2066 2311 2317 2361 3712
1278 3046 3872
1279 100 125 665 1760 4420
1280 3275 4246
1281 1165 1746 3180 4362
1282 1827 2798
1283 1684 3391
1284 2162 3927
1285 620 736 837 927 1371 3215 3926 4592
1286 1082 2173 2920 3467 3537 3704 3753 4184 4232
1287 769 1517 3822
1288 3036 3971
1289 1053 2335 2559 3106 3138 3570 3862 4023
1290 1745 1754 3192
1291 2149 4633
1292 2016 2783
1293 1113 1668 1895 2042 2196 2615 2885 4285 4309
1294 827 1479 2231
1295 371 1559 4094 4452
1296 2096 2236 3127 3286
1297 3349 3398 3531
1298 2381 2445
1299 329 1094 2035 2438 3810 4361
1300 1100 3703 3731
1301 755 3959
1302 442 608 1299 1649 1795 2163 3584
1303 218 507 732 754 964 1598 1829 2301 3012 3598 3644 3892 4335 4371 4506
1304 573 641 828 954 1004 1061 1081 1133 1165 1198 1371 1402 1429 1744 1922 1942 1949 1965 2167 2186 2229 2327 2501 2528 2537 2557 2837 2999 3063 3134 3214 3215 3250 3348 3552 3741 3884 3939 3961 4090 4107 4244 4303 4453 4594
1305 1265 1822 4051 4548
1306 1391 2205 3532 3936
1307 377 1594 4005 4353
1308 2037 2681
1309 3654 4110
1310 4064 4252
1311 1176 2275 3669 4113
1312 632 864 1081 1224 1371 1525 1533 1595 1673 1825 1967 2460 2479 2582 2594 2616 2732 2774 2809 2817 2865 2931 2949 3082 3280 3787 4084 4148 4352 4560
1313 4458 4464
1314 112 834 1083 1557 2093 2549 3071
1315 656 934 1472 2714 3074 3768 4356
1316 1257 3469 3495
1317 824 1236 1409 2078 2393 2750 3497 3498
1318 868 1435 1542 1615 2055 2785 3254 4091
1319 2247 3654 4110 4416
1320 1703 1758
1321 2316 2829 3489
1322 3278 4431
1323 1330 2691
1324 1207 1297 1520 1759 2398 2550 2632 2988 3152
1325 2133 2321 2333 4178
1326 1287 1320 1760 2556 3701
1327 607 1468 2232 2481 2610 3052 3067 4380
1328 1646 2601 3678
1329 1494 1641 2080 2351 2426 2679 2736 3050
1330 556 898 4037
1331 2831 3788
1332 3376 4152
1333 501 1081 1224 1271 1955 2807 4148 4578
1334 388 1265 1434 1666 2064 2569 2651 3119 3583 3630 4558 4643
1335 1617 1802 2753
1336 1267 1544 3600
1337 139 363 2942 4511
1338 844 873
1339 1416 2608 4072
1340 717 1362 1933
1341 2714 2848 3586
1342 497 560 1059 1064 1776
1343 2657 2678 3256
1344 809 819 840 1010 1341 1631 1677 1723 1735 1790 1820 1860 2083 2097 2153 2298 2331 2449 2495 2811 2885 2955 3081 3187 3210 3246 3303 3309 3621 3691 3692 3723 3819 3882 3883 3924 4000 4012 4078 4114 4120 4125 4197 4281 4348 4358 4412 4458 4611
1345 966 3163 3518 4502
1346 916 1215 1621 1675 1694 2175 2298 2444 2646 2672 2768 3124 3453 3587 3632 3691 3924 4065 4233 4250 4614 4622
1347 3438 4300
1348 1848 4229
1349 1244 1716 3331 3493 4084
1350 1189 1284 1326 2177 2377 4443 4594 4620
1351 2285 3310 4418
1352 2735 2899 4305 4606
1353 754 840 1047 1109 1678 1724 1895 2024 2102 2359 2646 2885 2974 3041 3132 3246 3640 4206 4358
1354 904 1184 2769 3230
1355 2019 4128
1356 391 632 679 902 946 1195 1200 1213 1285 1573 1630 1659 1660 1954 2222 2260 2327 2868 2991 3082 3212 3224 3675 3759 3824 4167 4204 4213 4254 4267 4339 4390 4453 4556
1357 1771 1905 2144 2363 2460 2519 2594 2821 3159 3319 3724 4255
1358 3241 3248 3444 4433
1359 472 1214 1657 1857 2110 2538 2773 2986 3718 3957 4600
1360 1837 2870
1361 991 1508 1571 1902 1930 2078 2393 2574
1362 989 1323 2802 3002 3486 3492 3912 4400 4413 4543 4634
1363 504 1433 1434 2336 2851 3837 4051 4529
1364 617 981 2740 4251
1365 1377 4151
1366 1091 1484 2032 4220
1367 3264 3500
1368 3266 3873 4075
1369 1019 2483 3076 3950
1370 2210 2725 3222
1371 525 537 703 759 788 839 880 970 1084 1321 1407 1450 1530 1540 1598 1648 1721 1731 1763 1923 1965 1986 2006 2233 2348 2375 2451 2463 2487 2537 2661 2706 2837 2964 2976 3148 3199 3289 3362 3373 3409 3479 3502 3632 3941 4034 4107 4130 4153 4177 4202 4312 4372 4433 4519 4621 4632
1372 353 1989 3184 4505
1373 2308 2882 4196 4228
1374 2065 2590 3471 4251
1375 849 1207 1249 1297 2224 2550 2988 3328 3380 3694 4116
1376 1538 1786 1973 3968
1377 1187 1261 2562 3870
1378 701 1592 2578 3520
1379 1871 3094
1380 1008 2138 2529 4436
1381 874 1888 2856 3065
1382 125 370 1159 1287 1320 1338 1797 3829 4420 4539
1383 414 623 1258 3928
1384 1470 3035
1385 3829 4057 4304 4539
1386 653 775 800 1166 1615 1946 2116 2392 2424 2444 4498
1387 202 993 2983 3258 3684 4157
1388 1630 1637 1853 2284 2754 3082 3317 4213
1389 1810 2066 2317
1390 2142 2670
1391 2339 4118 4568
1392 703 756 1687 1831 2341 2706 3132 3850
1393 1475 1855 1896 2108 2820 3464 3926 4031
1394 940 1144 1719 2938
1395 932 1294 1713
1396 3682 3894
1397 1662 2371 3327
1398 2309 3572 4112 4231
1399 1431 3766
1400 286 1516 4387
1401 1921 2593
1402 1276 1413 1674 3481 3712
1403 2205 2383 4008
1404 197 516 682 960 1179 1657 1840 1955 2052 2206 2207 3006 3765 3911 4198 4574 4642
1405 1197 2050 4540
1406 1569 1629 4504
1407 544 839 987 1076 1178 1268 1473 1806 1845 2325 2552 2612 3015 3341 3568 3656 3785 3827 4195 4254 4273 4466
1408 2039 2057 3137
1409 1816 1972
1410 902 1175 2865 3636
1411 558 1006 3355 3480 4514
1412 480 663 1274 2704 2885 3579 4274 4364
1413 3518 4502
1414 1436 1814 2329 2421 2914 3591 3995 4572
1415 3501 4187
1416 3291 4027
1417 268 571 2720 2932 3157
1418 1176 2509 2886 3669
1419 1792 2173 2867 4265
1420 2459 4554
1421 4569 4645
1422 1184 1382 4476
1423 1475 1896 2820 4031
1424 1179 1210 1214 1281 1322 1457 1610 1725 1835 1872 2044 2090 2493 2638 2693 2741 2896 2978 3025 3162 3282 3299 3315 3411 3414 3650 3889 3948 4003 4120 4226 4329 4497
1425 2329 2914 4248 4637
1426 3784 3918
1427 3385 3764
1428 2419 3716
1429 2415 3092 3934 4590
1430 923 1598 2654 2806
1431 2893 3441 3729
1432 1559 1565 1851 4094
1433 1769 2014 2217 2436 2695 2824 3388 4209
1434 3925 3986
1435 1324 1789 2254 2888
1436 671 681 740 918 1251 1667 1717 1719 1873 2029 2390 3179 3486 3912 4631
1437 2080 2402
1438 4136 4644
1439 2124 2127 4631
1440 1452 2290 2806
1441 696 828 837 950 1021 1030 1051 1062 1346 1402 1429 1721 1882 2144 2159 2229 2375 2501 2661 2756 2837 2949 2999 3049 3069 3134 3250 3552 3717 3939 3961 4006 4107 4330 4517 4570 4591 4621 4632
1442 1204 2088
1443 452 495 725 773 1491 1577 1696 1734 1757 2174 2784 2932 3220 3477 3653 3799 3999 4129 4154 4283 4423 4455
1444 1605 3005 4001 4562
1445 1672 4203 4338
1446 481 3761 3772
1447 1650 2396 2441 2577 2805 3048 3476 3602 3808
1448 644 854 2770 3017 3033 3150 3903
1449 2940 3040 3908 4117
1450 1091 1352 1449 2737 2816 3036 3160 3408 3755 3888 3971
1451 4007 4146
1452 422 656 2469 2714
1453 4168 4510
1454 431 1661 2061 2563 2740 3135 3142 3446 3471 3611 4229 4619
1455 354 1156 1222 1364 1576 2443 3445 3977 4211 4576
1456 733 2480 3465
1457 773 1003 1223 1227 1414 1577 1734 1780 1861 2067 2116 2798 3070 3324 3467 3491 3536 3537 3546 3760 3836 4184 4283 4455
1458 1101 3338
1459 2351 2600 2644 2815 3661 4387
1460 2723 2735 4305
1461 1196 1717 2512 2739 3469 3492 3495
1462 3165 3408 3888
1463 1549 1925 1959
1464 3406 4243
1465 1975 2802 3526
1466 3347 3357 3610 3886
1467 1581 2466
1468 1234 4473 4534
1469 249 440 577 598 846 1205 1244 1501 1553 1630 1892 2108 2697 3045 3451 3464 3614 3827 3926 4013 4249
1470 1257 1329 1511 1532 1717 1943 3233 4537 4543 4571 4635
1471 963 2598 2921 3533
1472 3490 3628
1473 327 453 1031 1084 1178 2099 3018 3091 3170 3219 3341 3365 3733
1474 2155 2211 2951 3112 3698
1475 2790 4460
1476 2043 2658
1477 1488 2045
1478 3145 4385
1479 1660 1985 2966 3370
1480 1715 2013 2432 3278
1481 2251 3761
1482 875 1585 2846 3181 3443 4060 4262
1483 1108 1436 2329 2914 3995 4248 4572
1484 3247 4100
1485 640 1314 3755
1486 952 3897
1487 1969 3189 3356
1488 2176 4628
1489 1948 2140 2418 3353
1490 511 2140 2825
1491 2430 2875 3584 4056
1492 814 1538 3968
1493 422 656 2714
1494 925 1168 3877 4351
1495 2323 3049
1496 2035 4003
1497 388 1539 2569 2651 3455 4217 4643
1498 565 911 1025 1109 1274 1366 1463 1812 1999 2083 2597 2704 2885 2974 3041 3132 3843 3994 4206
1499 2155 2211 3112 3698
1500 1255 1982 2235 3407
