0 6318
1 901 1986
2 806
3 4138
4 6026
5 121
6 832
7 1897
8 1670
9 3566
10 4783
11 2367
12 5061
13 2246
14 206
15 6059
16 6037
17 2620
18 1298
19 4268
20 6318
21 380 258
22 1985
23 5610
24 52
25 5829
26 1396
27 2666
28 3752 2934
29 5110
30 4656
31 5033
32 3068
33 2666
34 3045
35 2230
36 991
37 4689
38 1615
39 2276
40 1945
41 4138
42 1183
43 3285
44 3020
45 4063
46 3435
47 6177
48 4016 3429
49 3783
50 3377
51 2237 1493
52 4
53 2298
54 3177
55 3783
56 362
57 3825
58 4678
59 2720
60 2354
61 2303
62 832
63 3213 2709 1874 3772 3769
64 4664
65 3327
66 3783
67 4689
68 5746
69 5393 6164 1317
70 924
71 1048
72 1381 4063
73 3422
74 4591
75 1271
76 3846
77 3217
78 5718 6316
79 3574 3246 1105 458 2103 3087 1221 3984 2698 3534 2671 5326 79 6196 1033 4018 6108 3915 3039 261
80 6353
81 357
82 2705
83 2906
84 1588
85 233
86 1293
87 2956
88 1697
89 2906
90 2968
91 1534
92 3874
93 6318
94 3285
95 1966
96 4620 4689
97 6085
98 701
99 2900
100 1298
101 4274
102 1895
103 931
104 5110
105 5795
106 3196
107 573
108 3251 1994
109 4182
110 4689 195 575
111 4793
112 3619
113 2664
114 1206
115 2680
116 2243
117 4468
118 208 3148
119 684 4259 4938
120 4030 582
121 522 1080
122 203
123 1875
124 4836
125 1298
126 2978 1070
127 5316
128 52
129 4211
130 6255
131 2585
132 2246
133 3592
134 1615 637 4535
135 918
136 725
137 4250 5143
138 5746
139 3450
140 3146
141 4551
142 1183
143 1827
144 3356
145 1345
146 2304
147 4623
148 160
149 318
150 452
151 6188
152 2956
153 5814
154 284
155 1183
156 5937
157 2843
158 2370
159 3971
160 3509
161 1925
162 1432
163 4063
164 1186
165 667
166 3217
167 1183
168 1183
169 1819
170 4671
171 5173
172 4617
173 2924
174 4063
175 4915
176 1992
177 2258
178 6301
179 2323 2891
180 2869
181 1503
182 3735
183 3118
184 1185
185 3265
186 4066
187 852
188 1706
189 1183
190 480
191 6027
192 3509
193 4760
194 6057
195 6024
196 6145
197 5039
198 3158
199 3877
200 4392
201 5289 5062
202 5485
203 3783
204 1008
205 6188
206 6309 3604 5062 3923
207 4132
208 1287
209 2707
210 1349
211 4549
212 4689
213 5423
214 6260
215 4689
216 4686
217 2272
218 1542
219 2001
220 2231
221 1322
222 1658
223 4501 3118
224 4930
225 5171
226 318
227 5793
228 5219
229 4392
230 6108
231 1898
232 260
233 2567
234 630
235 674
236 1654 5499
237 5285
238 1725
239 6204
240 5110
241 2428 1145 1860 1206
242 610
243 5756
244 4761
245 1921 2428 3471 199
246 2195
247 4713
248 2680
249 5440 4014 4501 4978 3774 1757 2983 2076 151 5193 5466 6199 19 4371 2259 3006 1096 1650 4689 67 889 156 2987 4364 1044 5807 3193 5831 1043 3752 6354 3849 1491 2758 3435 6374 927 905 4303 561 813 2458 585 3002 3012 4166 2338 4188 5477 2062 1272 2060 4768 3570 2087 2495 702 821 4102 3057 1458 4888 3634 2130 2963 4247 6077 4650
250 934
251 1729 1463
252 4550 1206 3357 2411
253 144
254 5350
255 679
256 3471 3851
257 217
258 5010
259 2769
260 4930
261 3293
262 1523
263 3245
264 783
265 3646
266 1221 2200 122 4612 3035 6344 2988 1224 4890 2892 6256 4269
267 5196
268 3430
269 5110
270 4774
271 4308
272 3735
273 3761
274 2768
275 3226
276 2067 3262 4549 4418
277 3929
278 4182
279 4937
280 6318
281 3562
282 1907
283 1269
284 211
285 4690
286 1875
287 2666
288 2956
289 5590
290 4689
291 4689
292 1840
293 4231
294 1183
295 4052
296 3284 2221 877 4705 3136 1045 6108 4350
297 5809
298 6246
299 961
300 3783
301 1064 5297
302 1299
303 606
304 6107
305 4164
306 4907
307 6402
308 2855
309 614
310 2004
311 6193
312 1108
313 792
314 1847
315 2072 5199
316 1384
317 2666
318 4182
319 4076
320 1638
321 4182
322 3217
323 3407
324 2796
325 4550 4549 2044
326 6006
327 2383
328 4689
329 1192
330 5547
331 6278
332 4358
333 4886
334 1172
335 3623
336 143
337 3783
338 2906
339 1546
340 4233 1381 683 3259
341 2906
342 1543
343 4384
344 4701
345 1588
346 4501
347 5340
348 433
349 4367
350 4817
351 4463
352 4840
353 4550
354 2348
355 4933 4549
356 3900
357 1316
358 367
359 2408
360 3414
361 6057
362 6015
363 1105
364 1159
365 1108
366 1528
367 4986
368 5886
369 2438
370 3671
371 5115
372 3507
373 4745
374 5110
375 1116 5432
376 4689
377 2559
378 4364
379 5378
380 5881 2266 6323 1987
381 186
382 1528
383 1349
384 3783
385 992 1412
386 2317
387 87
388 2049
389 2906
390 4882
391 5418
392 993
393 5947
394 2287
395 3783
396 3331
397 1592
398 2246
399 370
400 5177
401 5516
402 4549
403 4808
404 3615
405 3170
406 2957
407 274
408 5110
409 4549
410 6006
411 4051
412 570
413 1749
414 1935
415 4182
416 1185
417 4549 3345
418 1947
419 4915
420 892 2244
421 3971
422 5885
423 3783
424 1588
425 318
426 1724
427 5997
428 4418
429 467
430 3725
431 87
432 806
433 6249
434 5516
435 75
436 5828
437 2678
438 795
439 2666
440 3725
441 2808
442 3217
443 376
444 6363
445 5110
446 154
447 3783
448 6233
449 3345
450 5750
451 6250
452 5163
453 195
454 3734
455 1565
456 6386
457 4292
458 4530
459 1279
460 5110
461 4689
462 4964
463 81
464 1377
465 5211
466 6299
467 1183
468 4060 6279 6108
469 6278
470 4698
471 3971
472 2493
473 1488
474 4877
475 1183
476 4630
477 1925
478 1183
479 2500
480 1528
481 52
482 3783
483 1474
484 1868
485 1813 2485
486 3140
487 2638
488 239
489 6357
490 6327
491 1170
492 4447
493 3783
494 6126 4251 1893 6028 2430 4175 5456 2586
495 2387
496 4195
497 1579
498 5870 4350
499 6108
500 4367
501 4686
502 3695
503 5134
504 6117
505 3233
506 1183
507 5736
508 3566
509 3959
510 3265
511 6250
512 1925
513 4620
514 4384
515 560
516 806
517 3140
518 2088
519 989
520 318
521 3594
522 3548
523 1183
524 4904
525 2666
526 3335
527 5806
528 2946
529 5110
530 3435
531 4253
532 206
533 2871
534 318
535 734
536 3146
537 4388
538 226
539 4047
540 4707
541 1183
542 2854
543 27
544 682
545 4608
546 3045
547 930
548 3595
549 5758
550 3361
551 2018 1460
552 318
553 4955 4016
554 3589
555 3265
556 226
557 2666
558 5908
559 5039
560 144
561 4430
562 4978 4689 4315 4338 4875 4113 14 4915 4859 4813
563 4148
564 716
565 1896
566 6091
567 467
568 832
569 300
570 4482
571 4917
572 1230
573 569 2153 4870
574 3031
575 834
576 4979
577 5033
578 519
579 5888
580 4023
581 3327
582 2408
583 2239
584 1349
585 2340
586 3783
587 6129
588 1183
589 2772
590 4994
591 5441
592 3783
593 5960
594 806
595 4691 1723 4008 1064
596 318
597 61
598 3468
599 2231
600 5061
601 87
602 5584
603 1244 4823
604 5567
605 5309
606 5173
607 741 5997 1
608 3217
609 3218
610 3497
611 2204
612 1415
613 84
614 3140
615 6037
616 5302
617 3435
618 3331 1188
619 4367
620 1183
621 1146 721 4043 1873 2450
622 3394
623 3999
624 1183
625 1581
626 833
627 4549
628 6351
629 4655
630 6003 4689 1184
631 2431 3152 3777 2134 4000 3600 380 1741 5865 693 4677 1130 6016 5404 5032
632 1183
633 1474
634 1717 1926
635 154
636 6151
637 5736
638 4157
639 2487 350 4689 4823 1250 5695 5532
640 6187
641 4756
642 4358
643 3702
644 560
645 5580 3134
646 3446
647 4367
648 410
649 4902
650 2455
651 2715
652 1183
653 3566
654 2304
655 4167
656 5885
657 4392
658 4994
659 3804
660 568
661 318
662 3302
663 1528
664 3566
665 6146
666 52
667 4614
668 361
669 2666
670 1985
671 5691 6393 6046 3676 1145 3156 2456 3818 6084
672 6049
673 1456
674 4182
675 936
676 3302
677 806
678 1826
679 1183
680 6286 3810 3479 1832 2765 5478 4668 5098 1637 4259
681 1671
682 1183
683 4182
684 2842
685 6103
686 5739
687 3171
688 2966 4321
689 4864
690 5902
691 2872
692 318
693 1316
694 3655
695 5040
696 3814
697 3049
698 3269
699 6220
700 4204
701 5350
702 4549
703 537
704 467
705 160
706 2374
707 1049
708 4942
709 5492
710 4469
711 3658
712 5330
713 2166
714 2680
715 3726
716 2471
717 998
718 5995
719 5277
720 828
721 4734
722 4469
723 6007
724 5423
725 1292 529
726 6214
727 5915
728 491
729 3238
730 4182
731 4773
732 2471
733 3285
734 941
735 3545
736 1183
737 64
738 2266
739 1988 3085 4200
740 451
741 706
742 6245
743 2571
744 1397
745 1183
746 3817
747 4734
748 4210
749 5173
750 1605
751 3401
752 4063
753 4384
754 3331
755 1658
756 4182
757 1214
758 3783
759 467
760 5883
761 4439
762 121
763 5244
764 4619
765 2681
766 206
767 5191
768 4392
769 3286
770 5075
771 4930
772 961
773 5042
774 6250
775 1183
776 5793
777 6249
778 1957
779 4549
780 318
781 6193
782 1543
783 2004
784 5216
785 5853
786 87
787 2581
788 4182
789 5419
790 1449
791 17
792 3265
793 4528
794 5480
795 2736
796 4320
797 3783
798 4671
799 1725
800 560
801 361 380
802 5364 4155
803 5537
804 2061 3344
805 3272
806 68
807 3555
808 2492
809 5822
810 1023 4712
811 5338 2638
812 4304
813 4689
814 2399 5452 2984
815 746 4518
816 2935
817 6291 5433
818 1652
819 986
820 4501 6404
821 4165
822 280 2722 1217
823 4212
824 3783
825 1543
826 3186
827 3183 4063 41
828 6058
829 251
830 233
831 3549
832 3414
833 6002
834 3783
835 960
836 1183
837 806
838 2666
839 5770
840 4726
841 4643
842 3177
843 2732
844 3615
845 4634
846 2555
847 4405
848 1775
849 337
850 111
851 336
852 87
853 1697
854 4373
855 2869
856 4933
857 5555
858 2438
859 1325
860 395
861 5599
862 4282
863 524
864 1104
865 1996
866 1214
867 4994
868 1484
869 2552
870 5953 4768 5035
871 154
872 4549
873 5742
874 6172
875 6197
876 4132
877 908
878 2272
879 3480
880 669
881 388
882 3305
883 90
884 382
885 1183
886 2404
887 7
888 962
889 1851
890 70 2604
891 4212
892 1308
893 2498
894 4930
895 1894
896 3850 1652 5924
897 3682
898 226
899 2968
900 4689
901 4448
902 1183
903 4252 1282
904 5323
905 395
906 1344
907 4823
908 4049
909 1120
910 2071
911 6166
912 2355 153 3248 1242 2398 4003 5973 5381 2511 4133 6095
913 4658
914 4739
915 2071
916 5419
917 6108
918 1921
919 3421
920 2221 295
921 3378 2709 5337 2820
922 3377
923 3326
924 1643
925 2720
926 298
927 5110
928 5071
929 4182
930 6363
931 6356
932 3391
933 6363
934 2113
935 4155 4043
936 43
937 5061
938 3619
939 3299
940 4392
941 1407
942 1219
943 2775
944 2666
945 2057
946 3882
947 2357
948 552 4188
949 5584
950 1991
951 2927 380
952 3567
953 2272
954 806
955 4375
956 1092
957 638
958 4430
959 6278
960 5039
961 3783
962 1028
963 1273
964 6166
965 1206
966 610
967 1080
968 1123
969 1355
970 4550
971 4549
972 3158 5413 4938
973 2131
974 1335
975 3128
976 1584
977 3809
978 2107 2503 3657 1779 460
979 1183
980 6333 1122
981 3729
982 4212
983 1533
984 4193
985 5273
986 1036
987 682
988 4994
989 911
990 6128 1562 3628 2901 5113 1433 1759 314
991 3783
992 4061
993 4325 6392
994 5512
995 3031
996 6318
997 6318
998 5854
999 3544
1000 4485
1001 3140
1002 3760
1003 5973
1004 3929
1005 397
1006 4638
1007 4994
1008 2085
1009 2709
1010 1528
1011 251
1012 410
1013 1530
1014 502 2666
1015 1286
1016 3519
1017 3177
1018 5625
1019 4157
1020 4715
1021 3497
1022 5075
1023 3819
1024 812
1025 4899
1026 4182
1027 4336 3426 1536 1529 3285
1028 5727
1029 1670
1030 4886
1031 5525
1032 4161
1033 4835
1034 419
1035 5859
1036 6150
1037 3908
1038 1504
1039 4045 2709 743 4549 3985 4063 2877 4930
1040 2356
1041 4689 4567
1042 6057
1043 2666
1044 318
1045 1183
1046 3641
1047 3331
1048 5516
1049 87
1050 2016
1051 4292
1052 2906
1053 4672
1054 4498
1055 2681
1056 1265
1057 4930
1058 5228
1059 144
1060 5431 4029 2455 4691 5919 3938 2859 1499 2914 1898 2470 1702 2474 3330 6045 1301 1505 5774
1061 4063
1062 3421
1063 3873
1064 1138
1065 2502
1066 2934
1067 5441
1068 6083
1069 1566 3688 821
1070 5595
1071 4043
1072 248
1073 4549
1074 3111
1075 5110
1076 5049
1077 318
1078 1543
1079 3077
1080 6002
1081 795
1082 795
1083 3783
1084 4105
1085 2701
1086 66 723 3257
1087 3400
1088 3889
1089 1118
1090 3092
1091 4010
1092 3052
1093 3783
1094 3594
1095 4886
1096 5244
1097 4418
1098 5030
1099 2341
1100 3031
1101 356
1102 6097
1103 3619
1104 1882 3056
1105 3622
1106 5059
1107 5289
1108 754
1109 4726
1110 1281
1111 4415
1112 291
1113 1059
1114 707 3242
1115 1183
1116 3822
1117 302
1118 5797
1119 6098
1120 5173 6248
1121 5238
1122 4550 4894 2718 5600
1123 5348 4663 1778 6333 3257 4498 6108
1124 2608 6354
1125 3088
1126 1195
1127 3921
1128 6318
1129 5216
1130 318
1131 6318
1132 1183
1133 4544
1134 4689 4711
1135 4726
1136 5122
1137 1574
1138 5358
1139 4449
1140 1289
1141 5110
1142 5098
1143 5746
1144 4656
1145 2425
1146 3438
1147 5795
1148 3783
1149 3772
1150 550
1151 5690 4510
1152 991
1153 1183
1154 4689
1155 1574
1156 3422 5061
1157 5997
1158 573
1159 3328
1160 4734
1161 1269
1162 5499
1163 318
1164 6184
1165 4960
1166 4549
1167 318
1168 5728
1169 2186 734 5452 5785 3952
1170 1183
1171 6318
1172 3351 4247 1503 1870
1173 3057
1174 766
1175 6318
1176 1376
1177 2702
1178 6318
1179 573
1180 5815
1181 2334
1182 3500
1183 870
1184 4865
1185 2147
1186 2600 3602 803
1187 4991
1188 4073
1189 2490
1190 318
1191 5033
1192 2948
1193 5516
1194 4283
1195 1183
1196 3377
1197 7
1198 806
1199 6276 1383
1200 2247
1201 1424
1202 2680
1203 5852
1204 3063 4520 3202 382
1205 3468
1206 2680
1207 6015
1208 2874
1209 4030
1210 4212
1211 5314
1212 1632
1213 6318
1214 5173
1215 5033
1216 5829
1217 5366
1218 5333
1219 4415
1220 2886
1221 1166
1222 6013 5061
1223 685
1224 795
1225 5833 806 129
1226 1183
1227 4930
1228 1952
1229 5519
1230 2898
1231 1435
1232 2487
1233 1396
1234 436
1235 87
1236 3783
1237 1427
1238 5366 6320
1239 2061
1240 3971
1241 4549
1242 5434
1243 5222
1244 2072
1245 2230
1246 2498
1247 1638
1248 2691
1249 1966
1250 5488
1251 5123
1252 935
1253 15
1254 1122 3049
1255 4501 4823 5346 5311 561 6163 5499
1256 4721 6276 5003 4093 1206
1257 5701
1258 4481
1259 4146
1260 5272
1261 1819
1262 5762
1263 467
1264 318
1265 2804
1266 4182
1267 1575
1268 4042
1269 2438
1270 6007 1258 121 3465
1271 4367
1272 5902
1273 1183
1274 3140
1275 4687
1276 1932
1277 5973
1278 2686 2716
1279 2408
1280 2471
1281 1384
1282 6125
1283 734
1284 5450
1285 2415
1286 2609
1287 1298
1288 5410
1289 3340
1290 640
1291 2666
1292 87
1293 3328
1294 777
1295 1102 4033
1296 3377
1297 6015
1298 2393
1299 3217
1300 4586
1301 2403 5160 2194 961
1302 1220
1303 20
1304 1324
1305 1118
1306 4689
1307 1588
1308 5196
1309 1183
1310 1662
1311 2633
1312 723
1313 4231
1314 4010
1315 5047
1316 5727
1317 5348
1318 4490 4409
1319 2666
1320 1298
1321 467
1322 3621
1323 2456
1324 2643 2205
1325 1183
1326 2698 4722 812
1327 2875
1328 5787
1329 1921 5917
1330 3562
1331 3378 3266 2758 2934 5340
1332 3007 3177 1082
1333 5964
1334 2054
1335 2820
1336 2576
1337 1183
1338 5732
1339 1617
1340 3140
1341 5418
1342 5539
1343 2127 613
1344 4308
1345 1245
1346 4756
1347 4182
1348 4648
1349 806
1350 5481
1351 2226
1352 919
1353 4939
1354 2681
1355 318
1356 1116
1357 6354
1358 50
1359 3609
1360 2581
1361 3721
1362 497
1363 4997
1364 5061
1365 5255
1366 4726
1367 5110
1368 5110
1369 4686
1370 1588
1371 5033
1372 2352
1373 2940 5748 5050 2757 3541 3040 2197 3616 4660 3642 4560
1374 573
1375 1026
1376 2455
1377 3414
1378 525
1379 4165
1380 2068
1381 2855
1382 5627
1383 5162
1384 4836
1385 2129
1386 6098
1387 2788
1388 4823
1389 5614
1390 1183
1391 4450
1392 1202
1393 4220 2917
1394 6357
1395 6222
1396 3566
1397 467
1398 4061
1399 2664
1400 4549
1401 1221 2475
1402 467
1403 2498
1404 4765
1405 1997
1406 4615
1407 1881
1408 6278
1409 3783
1410 2129
1411 587
1412 2432
1413 1932
1414 87
1415 4295
1416 828
1417 5291
1418 4143
1419 2438
1420 3472
1421 989
1422 3187
1423 467
1424 5997
1425 98
1426 6356
1427 3783
1428 2271
1429 5321
1430 1696
1431 1104
1432 1545
1433 2049
1434 234
1435 4433
1436 5392
1437 3196
1438 5772
1439 1384
1440 2192
1441 5033
1442 355
1443 3619
1444 5033
1445 891
1446 3092
1447 4688
1448 4646
1449 2510
1450 467
1451 1316
1452 563 1305
1453 52
1454 1183
1455 4952
1456 1281
1457 1384
1458 3714
1459 5398
1460 1587
1461 4550 4425
1462 5385
1463 5450
1464 4549
1465 6057
1466 318
1467 723
1468 5997
1469 1829
1470 5305
1471 5183
1472 4845
1473 4550 5770 4549 4734
1474 5443
1475 2017
1476 5721
1477 2355 175 4689 3134 332 3177
1478 4815 5348
1479 560
1480 2545
1481 2399
1482 318
1483 961
1484 2506
1485 3395
1486 6194
1487 2577
1488 1918 2266 748 2755 5747 297
1489 3607
1490 1543
1491 541
1492 6017 2476 5287 1655
1493 2298
1494 5069
1495 4707
1496 5370
1497 463
1498 5109
1499 3140
1500 807
1501 4689
1502 3675
1503 2788
1504 3038
1505 1845
1506 4300
1507 4182
1508 3783
1509 4656
1510 1674
1511 4365
1512 2229
1513 2573
1514 5033
1515 3566
1516 4369
1517 2218
1518 5951 2478 4734
1519 5234
1520 5443
1521 3783
1522 5407
1523 4391
1524 2666
1525 712
1526 1618
1527 2543
1528 903
1529 4689 4549
1530 2666
1531 6010
1532 1206
1533 5803
1534 4392
1535 4384
1536 638
1537 6404
1538 2474
1539 2049
1540 4182
1541 1947
1542 1183
1543 4187
1544 1567
1545 5680
1546 6370
1547 1714
1548 3418
1549 1877
1550 4663 5770
1551 6239
1552 1322
1553 6318
1554 2579
1555 4614
1556 4995
1557 3783
1558 1007 4689 2070 2168 4063 3167
1559 4994
1560 4550
1561 5418
1562 4550
1563 4936
1564 4549
1565 409
1566 1880
1567 4334 3435 1207
1568 795
1569 1349
1570 4994
1571 3783
1572 5424 2288
1573 1183
1574 3822
1575 4182
1576 3239 3422 5061
1577 5042
1578 6321
1579 1183
1580 1183
1581 3281
1582 1012
1583 189 469
1584 4102
1585 6192 76
1586 5457
1587 2864 4238
1588 69
1589 3733
1590 977
1591 576
1592 861
1593 3391 5847
1594 2619
1595 1183
1596 1183
1597 5418
1598 3237
1599 841
1600 2426 3327
1601 3497
1602 4788
1603 2953
1604 2272
1605 5441
1606 4367
1607 4182
1608 5425
1609 1298
1610 832
1611 4689 4930
1612 1042
1613 6318
1614 4003
1615 3645
1616 2748
1617 1465
1618 4689
1619 822
1620 2958
1621 3726
1622 720
1623 1256
1624 5762
1625 5226
1626 750
1627 499
1628 486 6019
1629 1349
1630 5033
1631 3726
1632 735
1633 3265
1634 1242 3188
1635 5158
1636 3992
1637 2492
1638 4689 4247
1639 1584
1640 3671
1641 5394
1642 318
1643 1681
1644 3744
1645 4501 806
1646 716
1647 3380
1648 3327
1649 3217
1650 2219
1651 3500 1598
1652 5110
1653 5904 4113
1654 3590 196
1655 3140
1656 5902
1657 4823
1658 318
1659 1183
1660 5033
1661 4011
1662 5840
1663 2287
1664 795
1665 2249
1666 2049
1667 994
1668 1469 6166
1669 2829
1670 85
1671 1881
1672 1302 3728
1673 5743
1674 1122
1675 410
1676 3886
1677 318
1678 6057
1679 1851
1680 3265
1681 1299
1682 4404
1683 3622
1684 5338
1685 3500
1686 3112
1687 5515
1688 5882
1689 2647
1690 6064
1691 2209
1692 4087
1693 4607
1694 1809
1695 4267
1696 5619
1697 2906
1698 1183
1699 1183
1700 6318
1701 6293
1702 4469
1703 4649
1704 5691
1705 505
1706 4610
1707 1732
1708 2219
1709 2972
1710 3884
1711 4538
1712 5631 3605
1713 1492
1714 4801
1715 1415
1716 1183
1717 4392
1718 129
1719 144
1720 87
1721 1881
1722 3366 1421
1723 2122
1724 4388
1725 1740
1726 812
1727 1915
1728 4010
1729 6335
1730 4847
1731 5552
1732 759
1733 584
1734 4663
1735 3548
1736 1523
1737 2272
1738 3709
1739 5923
1740 4058
1741 3485 5173 1136 5085 310
1742 3375
1743 5062
1744 6135
1745 1292 2089 1682 5807 759 5253 3570 3224 289
1746 4384
1747 998
1748 1726
1749 1157
1750 4384
1751 2208
1752 362
1753 2060
1754 3738
1755 1183
1756 4367
1757 5859
1758 1284 1359
1759 2759
1760 1298
1761 154
1762 3677
1763 467
1764 6262
1765 3333 4108 434 2822 4455 2135 4570 5720 2174 3221 1789 1054 2560 5683 3826 2372 2160 3991 1976 4888 3634 5655
1766 581 2378
1767 3118
1768 4484
1769 81
1770 1183
1771 709
1772 4501
1773 439
1774 3817
1775 5184
1776 590
1777 2820
1778 1207
1779 4182
1780 4865
1781 4312
1782 5789
1783 5846
1784 1183
1785 3744
1786 3593
1787 5874
1788 3421
1789 2353
1790 4549
1791 3814
1792 689
1793 1459
1794 2396
1795 3795
1796 1581
1797 400
1798 6223
1799 1787
1800 4473
1801 2892 2447
1802 894
1803 3397
1804 4367
1805 2680
1806 2681
1807 1349
1808 5173
1809 5516
1810 266 5348 2653 4056 130 2587 5338 1953 5961 4043 6115 5647 5449 1045 2836 4360 1701 4930 3666 4422 5989 100 3107
1811 3783
1812 1528
1813 6184
1814 4684
1815 6002
1816 4373 5916
1817 1488
1818 1520
1819 6083
1820 225
1821 6006
1822 3294
1823 4505
1824 3615
1825 327
1826 4290
1827 318
1828 4501 4758
1829 6057
1830 4549
1831 4182
1832 5321
1833 4197
1834 2487 1504
1835 3028
1836 5852
1837 5759
1838 5061
1839 5163
1840 650
1841 275 5138
1842 3091
1843 1615
1844 1998
1845 795
1846 2680
1847 4549
1848 5764
1849 6278
1850 3279
1851 409
1852 5059
1853 651
1854 6363
1855 2017
1856 5974
1857 4930
1858 2766
1859 2668
1860 2755
1861 87
1862 3997 2450
1863 4686
1864 3287
1865 5378
1866 4301 3473
1867 4138
1868 2709
1869 5380
1870 6318
1871 2242 5811 4612 322 1209 4510 1240 3437 6313 4934
1872 5736
1873 3676 3156 2456
1874 881
1875 5033
1876 2438
1877 742
1878 3290
1879 6087
1880 3092
1881 5760
1882 734
1883 5484 5649 3844 4168
1884 6028
1885 6071
1886 2893
1887 4289
1888 6172
1889 3725
1890 3737
1891 5099
1892 1018 4888
1893 2931
1894 3347
1895 6166
1896 2017 806
1897 4290 2674 3401 4044
1898 4817
1899 776
1900 5062
1901 5658
1902 3783
1903 952
1904 895
1905 3031
1906 5466 2709
1907 183
1908 4521
1909 3786
1910 2720
1911 5033
1912 4231
1913 1778 5301 153 5338 121
1914 6318
1915 3401
1916 5076
1917 2633
1918 3783
1919 87
1920 2813
1921 5500
1922 4544
1923 467
1924 574
1925 1419
1926 1148
1927 5625
1928 3814
1929 1214
1930 3783
1931 1023
1932 507
1933 3466 4924 2293 613 1951 6075 92
1934 6190
1935 1183
1936 4823
1937 3730 5807 2912 4650
1938 1528
1939 1183
1940 4952
1941 4367
1942 6318
1943 4392
1944 1269
1945 5764
1946 3586
1947 2431
1948 5664
1949 442
1950 2890
1951 5799
1952 395
1953 539 3997
1954 1183
1955 795
1956 5316
1957 5647
1958 6324
1959 3179
1960 1908
1961 5254
1962 4856
1963 3101
1964 2800
1965 2666
1966 2925
1967 6318
1968 2251
1969 1415
1970 2814
1971 1212
1972 3573
1973 357
1974 2260
1975 5947
1976 2333
1977 4635
1978 3644
1979 4936
1980 3140
1981 2479
1982 4160
1983 121
1984 1183
1985 5033
1986 467
1987 2519
1988 1051
1989 4176
1990 3294
1991 601
1992 3695
1993 5250
1994 5182
1995 3129
1996 4464
1997 4689
1998 225
1999 4863
2000 3328
2001 1852
2002 1396
2003 2767
2004 2681
2005 3564 666 6108
2006 154
2007 4580 5694 3408
2008 145 3445
2009 879
2010 6194
2011 4512
2012 4504
2013 1415
2014 154
2015 327
2016 5434
2017 4435
2018 6370
2019 4290 3401
2020 4915
2021 3500
2022 1108
2023 2303
2024 330
2025 2865 3087 2141
2026 5325
2027 4035
2028 854
2029 5947
2030 5991
2031 4885
2032 4010
2033 4731
2034 5660
2035 761
2036 1689
2037 2081 6215
2038 467
2039 2112
2040 1127 4522
2041 2974 2738 3514 2295 5403
2042 1933
2043 2894
2044 4212
2045 308
2046 4107 6007 134 3848
2047 2241
2048 203
2049 5207
2050 163
2051 4466
2052 4823
2053 87
2054 812
2055 1484
2056 1092
2057 4415
2058 1229
2059 3739
2060 6278
2061 4977 1089 1367
2062 4973
2063 2420
2064 3294
2065 4011
2066 1527
2067 5687
2068 4561
2069 5286
2070 453
2071 5186 2823 2697 456 3383
2072 2104 4271
2073 1605
2074 2210
2075 5927
2076 2195
2077 2647
2078 3783
2079 6357
2080 554
2081 3619
2082 3744
2083 6166
2084 5441
2085 2438
2086 2712
2087 2855
2088 3063
2089 2855
2090 4449
2091 4689 5091 2718
2092 87
2093 4733
2094 1027
2095 1183
2096 5706
2097 2680
2098 1888
2099 1485
2100 6318
2101 5997 5121
2102 4019
2103 40
2104 6194
2105 962
2106 3695
2107 5033
2108 6318
2109 5378
2110 4930
2111 3439
2112 2764
2113 5418
2114 4132
2115 2289 1504
2116 4930
2117 3783
2118 550
2119 5294
2120 2070
2121 1170
2122 839
2123 1947
2124 1921
2125 2760
2126 1183
2127 1921
2128 4367
2129 3755 4511 5102 4247
2130 4475
2131 3393
2132 4538
2133 2676
2134 5173
2135 1544
2136 5238
2137 2795
2138 4204
2139 3971
2140 4994
2141 121
2142 5216 4049
2143 795
2144 3814
2145 1175
2146 4207
2147 3685
2148 5811 2755
2149 5925
2150 4858
2151 4930
2152 6218
2153 4836
2154 3814
2155 2171
2156 4841
2157 1658
2158 3423
2159 2486
2160 5397
2161 3745
2162 5440 2011
2163 1474
2164 147 5411
2165 4902
2166 2824
2167 2666
2168 3345
2169 3665 4236 2934
2170 741 2204
2171 3490 4510
2172 2662
2173 2734
2174 5042
2175 1809
2176 1588
2177 1820
2178 3371
2179 932
2180 318
2181 4162
2182 3190
2183 3328
2184 1571
2185 6353
2186 1841
2187 1666
2188 4306
2189 2221 1551 686 1234 6265 4023 484
2190 5202
2191 1697
2192 3249
2193 318
2194 3695
2195 1249
2196 4689
2197 4909
2198 3312
2199 910
2200 1324
2201 2911
2202 6107
2203 4437
2204 3725
2205 4722
2206 573
2207 3566
2208 318
2209 5644
2210 2571
2211 1175
2212 2632
2213 186
2214 5064
2215 4689
2216 1170
2217 5848
2218 1041
2219 5216
2220 6006
2221 1915
2222 4063
2223 5274
2224 5352
2225 2171
2226 1804
2227 5504
2228 2163
2229 3833
2230 5109
2231 4930
2232 1947
2233 3237
2234 3547 1882 3056
2235 1816
2236 4788
2237 2671
2238 1116
2239 4598
2240 2072
2241 5428
2242 5033
2243 351
2244 4534
2245 1183
2246 3358
2247 2643 4394 2187 5855 4797 3669 468
2248 4798
2249 4155
2250 4618
2251 6291
2252 5845
2253 6278
2254 358
2255 144
2256 857
2257 6318
2258 318
2259 5579
2260 1183
2261 970
2262 1183
2263 590
2264 4549
2265 3187
2266 2361
2267 1091
2268 1845
2269 1397 4154 1394 641 5116 5452 5198 1542 1188 3926 359 5997 4904
2270 2481 6363 2922 4679 1936 5381 5142 1207
2271 6002
2272 4077
2273 1514
2274 4239
2275 3545
2276 4064
2277 3129
2278 1524
2279 2049
2280 318
2281 6260
2282 318
2283 1055
2284 537
2285 6318
2286 1384
2287 1881
2288 5250
2289 2881
2290 1384
2291 3783
2292 1675
2293 4231
2294 2131
2295 3213 2709 5529 1874 2030 4567 1428 4769 3759
2296 961
2297 3562
2298 2680
2299 5781
2300 821
2301 3927
2302 3177
2303 2803
2304 6387
2305 52
2306 721
2307 2855
2308 845
2309 755
2310 4469
2311 100
2312 3094
2313 3371
2314 1516 4510 427 3746 484
2315 4262
2316 2349
2317 2192
2318 606
2319 4990
2320 4877
2321 1943
2322 507
2323 2408
2324 1179
2325 1183
2326 1673
2327 4689
2328 318
2329 5052
2330 5439
2331 2660
2332 2680
2333 5804
2334 6354
2335 3845
2336 5658
2337 5600
2338 1150
2339 3161 4859
2340 222
2341 2767
2342 265
2343 672
2344 1688 1206
2345 5505
2346 94
2347 2017 6008
2348 1397 2922
2349 2681
2350 746
2351 1000
2352 2955
2353 5320
2354 694
2355 3640
2356 4817
2357 1209
2358 4179
2359 1270
2360 1127 4522
2361 3984 2988 948
2362 1584
2363 3435
2364 57
2365 1640 1934 5769 2034 4193
2366 1405
2367 2438
2368 5765
2369 3783
2370 987
2371 5257
2372 4860
2373 58
2374 340
2375 2666
2376 5746
2377 5563
2378 5071
2379 3441
2380 6387
2381 2612
2382 1303
2383 5580 4933
2384 3275
2385 1183
2386 297
2387 5539
2388 3587
2389 3210
2390 2625
2391 2666
2392 4549
2393 3783
2394 3562
2395 3876
2396 5493
2397 1234
2398 4090 3975 1451 4260
2399 6339
2400 2680
2401 6318
2402 554
2403 3265
2404 3783
2405 6166
2406 4564
2407 4762
2408 3032
2409 5939
2410 4165
2411 832
2412 5206
2413 1608
2414 1370
2415 1085
2416 5552
2417 1183
2418 4994
2419 1584
2420 1024
2421 4501
2422 5211
2423 2766
2424 3134
2425 5670 2601
2426 6211
2427 3497
2428 5796
2429 962
2430 18
2431 5428
2432 1415
2433 2888
2434 2004
2435 4329 5955 4689 3980 4342
2436 1588
2437 2060
2438 3022
2439 4105
2440 806
2441 3269
2442 5718
2443 3422 5061
2444 4254
2445 1363
2446 792
2447 6388
2448 2555
2449 3140
2450 6029
2451 4857
2452 5746
2453 4661
2454 3350
2455 6124
2456 3911
2457 3100
2458 2585
2459 203
2460 4614
2461 4790
2462 2970
2463 4182
2464 4970 5530 6113
2465 5196
2466 718
2467 6382 173 4305 5660
2468 1370
2469 3282
2470 3619
2471 6278
2472 375
2473 5191
2474 1463 5565
2475 5829
2476 362
2477 1717 2667 2871
2478 6083
2479 4063
2480 6257
2481 2439
2482 5395
2483 22
2484 524
2485 3177
2486 1104
2487 1881
2488 4726
2489 3586
2490 1170
2491 5797
2492 3163
2493 5718 5807 4823 4212
2494 6247
2495 4689
2496 5033
2497 5721
2498 4052
2499 4930
2500 6257
2501 3833
2502 2582 1531
2503 4815
2504 4216
2505 6002
2506 4061
2507 6318
2508 3783
2509 2070
2510 727
2511 3783
2512 1473
2513 5599
2514 4461
2515 4001
2516 5831
2517 646 4580 4043
2518 3305
2519 5552
2520 5434
2521 4141
2522 537
2523 2946
2524 4357 5172 5729
2525 609
2526 1605
2527 3120
2528 806
2529 3744
2530 5441
2531 550
2532 30
2533 627
2534 5830
2535 3626 557
2536 5300 3984 5338 3201 297
2537 2666
2538 6238
2539 454
2540 759
2541 6222
2542 4174
2543 2745
2544 3901
2545 4466
2546 3140
2547 5719
2548 244
2549 3783
2550 2723
2551 1175
2552 318
2553 5494
2554 4549
2555 5716
2556 1919
2557 1183
2558 4990
2559 1763
2560 4671
2561 6204
2562 4991
2563 5166 698 348 1389
2564 5033
2565 5868
2566 2977
2567 4689
2568 2638
2569 2049
2570 1237
2571 3177
2572 1786
2573 3472
2574 3783
2575 5522 484
2576 3627
2577 2776
2578 439
2579 4639
2580 5736
2581 989
2582 40
2583 216
2584 720
2585 4930
2586 1915
2587 3421
2588 5581
2589 2078
2590 5124
2591 3852 134 274
2592 2817
2593 386
2594 5089
2595 303
2596 5850
2597 5277
2598 4980
2599 3757
2600 2881
2601 3840 716
2602 2123
2603 5283
2604 4367
2605 2824
2606 2072
2607 5609
2608 828
2609 4822
2610 1841
2611 3871
2612 795
2613 2367
2614 2519
2615 2813
2616 4063
2617 202
2618 2772 438 1168
2619 1246
2620 419
2621 192
2622 3783
2623 5978
2624 20
2625 3783
2626 3566
2627 1267
2628 880
2629 1528
2630 4865
2631 87
2632 1962
2633 2131
2634 1048
2635 4789
2636 5902
2637 5634
2638 3269
2639 4886
2640 6318
2641 4190
2642 4549
2643 6356
2644 5443
2645 1488
2646 4726
2647 4607
2648 4707
2649 1206
2650 471
2651 2049
2652 4823
2653 3658
2654 4182
2655 5564
2656 1543
2657 1578
2658 4572
2659 2943
2660 5510
2661 4756
2662 3971
2663 305
2664 3687
2665 1504
2666 318
2667 4012 5942 220
2668 1844
2669 5127
2670 5216 4049 4746 2810
2671 1528
2672 3237
2673 4774
2674 642
2675 924
2676 3601
2677 1697
2678 3545
2679 5669
2680 364
2681 3614
2682 759
2683 4686
2684 4857
2685 3597
2686 1214
2687 1716
2688 871
2689 2122
2690 4328 5760
2691 3238 4443 979 2666
2692 1308
2693 3269
2694 3238
2695 1183
2696 56
2697 4689
2698 1474
2699 5244
2700 3557
2701 4306
2702 3117
2703 1178
2704 5277
2705 4930
2706 537
2707 2633
2708 5414
2709 1841
2710 5052
2711 1044
2712 2311
2713 2833
2714 5885
2715 262
2716 3362
2717 675
2718 4935
2719 1703 2253 6164 1317 2008
2720 989
2721 5062
2722 1925
2723 2768
2724 2104
2725 604
2726 2921
2727 4807
2728 3783
2729 5874
2730 896
2731 2748
2732 712
2733 5465
2734 610
2735 1587
2736 94
2737 112 85 2198 4682 2518 744 5790
2738 4689
2739 1473
2740 160
2741 832
2742 3574 5484 4826 1410
2743 6278
2744 1853
2745 1245
2746 6318
2747 218
2748 3812
2749 1716
2750 3783
2751 1504
2752 1662
2753 1105
2754 5033
2755 4823 2820
2756 1251 6198 1991
2757 1597
2758 3328
2759 1947
2760 2272
2761 2280
2762 2251
2763 3707 5617 4391
2764 4661
2765 225
2766 2681
2767 712
2768 189
2769 4663
2770 3148
2771 6318
2772 3783
2773 5173
2774 6310
2775 5442
2776 2545
2777 4138
2778 1947
2779 5512
2780 2549
2781 1869
2782 1720 5683
2783 3275
2784 5613
2785 3645
2786 6271 1462 3778
2787 4418
2788 3783
2789 2997
2790 624
2791 2557
2792 2963
2793 477
2794 5997
2795 1175
2796 6298
2797 206
2798 560
2799 6248
2800 2004
2801 507
2802 2975
2803 2519
2804 5516
2805 4583
2806 6019 1209 4286 297
2807 795
2808 2589
2809 795
2810 512
2811 1575
2812 961
2813 476
2814 2678
2815 2906
2816 886
2817 2703
2818 1972
2819 1393
2820 2017
2821 4614
2822 2049
2823 5918
2824 4124
2825 6203
2826 3172
2827 2077 3958 1108 4228
2828 231
2829 1556
2830 4290 3280 4784 3401 3660
2831 5441
2832 3048 4326 5346 6072 782
2833 5062
2834 857
2835 1654
2836 5902
2837 4756
2838 6363 218 4003 3856
2839 5530
2840 318
2841 126 133
2842 4731
2843 1397
2844 565
2845 2188
2846 912
2847 2110
2848 5684
2849 1245
2850 2071
2851 4375
2852 3327
2853 3746
2854 2866
2855 1587
2856 2459
2857 2035
2858 5856
2859 5191
2860 1609
2861 1957
2862 3410
2863 695
2864 4686
2865 1183
2866 806
2867 1855
2868 4097
2869 2802
2870 4847
2871 6318
2872 3130
2873 3519
2874 3545
2875 1474
2876 2992 4716 1224 1305
2877 5034
2878 3783
2879 1269
2880 2504
2881 313
2882 115 490 4150
2883 1899 6031 6122 1898 5770 368 3927 2767 1422 110 3932 3458
2884 3140
2885 6166
2886 1376
2887 3087
2888 1341
2889 5099
2890 4469
2891 5167
2892 131
2893 6124
2894 1393
2895 1565
2896 5564
2897 5110
2898 2681
2899 1587
2900 4786
2901 5365
2902 2680
2903 1584
2904 1183
2905 3224
2906 6197
2907 1349
2908 4068
2909 5150
2910 1276
2911 4384
2912 6109
2913 4000
2914 4367
2915 3421
2916 318
2917 5110
2918 1778 3197 3411 1721 2525 2873 5997 2666
2919 5039
2920 3172
2921 1746 2004
2922 4549
2923 1142
2924 3172
2925 3783
2926 4994
2927 5075
2928 5053
2929 4063
2930 4614
2931 5033
2932 3140
2933 3323
2934 5450
2935 1494
2936 6009
2937 4544
2938 1671
2939 5682
2940 5506
2941 6363
2942 2767 6306
2943 52
2944 5361
2945 3997
2946 5361
2947 29 3346
2948 4132
2949 1183
2950 3472
2951 2171
2952 4213
2953 4651 2142
2954 4182
2955 5418
2956 3140
2957 1384
2958 6383 5506
2959 4800
2960 5406 5545 2088 5122
2961 1919
2962 5038
2963 1385
2964 2283
2965 5455
2966 5033
2967 2360
2968 565
2969 1334
2970 1289
2971 5612
2972 4766
2973 1765
2974 4726
2975 2986
2976 5760
2977 821
2978 3269
2979 4063
2980 3303
2981 2782 4573 2540 19 70 6030 237 3435 4506 4196 3633 3012 4128 1733 3610 5577
2982 5376
2983 1049
2984 2071
2985 1751
2986 6318
2987 2438
2988 1245
2989 2513
2990 5220
2991 5564
2992 3432
2993 4290 3401
2994 3316
2995 384
2996 796
2997 5710
2998 1183
2999 806
3000 2479
3001 1046
3002 4365
3003 6341
3004 3452
3005 5441
3006 2543
3007 3134
3008 4823
3009 2598 3987
3010 1203
3011 1841
3012 4182
3013 2800
3014 1417
3015 2681
3016 4136
3017 1895
3018 6318
3019 4327
3020 5288
3021 5598
3022 2195
3023 2358
3024 1845
3025 5173
3026 114
3027 5099
3028 2680
3029 3783
3030 2054
3031 4094 3295 6021
3032 4549
3033 4001
3034 5093 2983 2187 5387 3669 2820 5468 2497 3459 673 4188 3890 493 252
3035 806
3036 2510
3037 94
3038 6188
3039 4190
3040 3929
3041 330 2666
3042 5876
3043 213
3044 1183
3045 2963
3046 362
3047 4501
3048 1333
3049 4549
3050 5447
3051 2817
3052 686
3053 5311
3054 1744 4584 1778 80 2666
3055 4689 4969 281
3056 5746
3057 3562
3058 1133 4431
3059 318
3060 6350 6326 5147
3061 2607
3062 2440
3063 1962
3064 4252 4940 4239
3065 4604
3066 4047
3067 2439
3068 3280 3660
3069 2666
3070 87
3071 3783
3072 1644
3073 6006
3074 2916
3075 5084
3076 4145
3077 4823
3078 5556 3209
3079 6240 5416 3669 827
3080 5062
3081 1528
3082 6318
3083 327
3084 810
3085 741 4862 5583
3086 1158 6351
3087 5007
3088 2664
3089 4453
3090 4689
3091 307
3092 3702
3093 5764
3094 2007
3095 2004
3096 5149
3097 3472
3098 4592
3099 5144
3100 4457
3101 5441
3102 5482
3103 4630
3104 189
3105 5563
3106 6050
3107 1102
3108 3783
3109 6373
3110 4078
3111 3700
3112 2171
3113 664
3114 1183
3115 3783
3116 2492
3117 5789
3118 4541
3119 4918
3120 1453
3121 2855
3122 4501 2300 1259
3123 4339
3124 1060
3125 5033
3126 4689
3127 1228 1369 5615 4747 2274 4932 316 1539
3128 3783
3129 4886
3130 2505
3131 4558
3132 2666
3133 6159 2853 2758 399 3224
3134 2666
3135 4011
3136 1298
3137 2963
3138 4574
3139 3271
3140 4263
3141 1588
3142 2354
3143 2889
3144 1629
3145 3970
3146 2101
3147 66 374 4324 6007 3344 53 736 5021 61
3148 2545
3149 2798
3150 3935
3151 3180
3152 4419
3153 4449
3154 6076
3155 3443
3156 2742
3157 1575
3158 4048
3159 1207
3160 376
3161 2666
3162 5173
3163 2564
3164 4642
3165 5707 1020 498
3166 3471
3167 4501 1381 570 3636 5843 639 1652 1489 1090 4970 1108 5435 2401 113 5604 3118
3168 4803
3169 3265
3170 4689
3171 3619
3172 6166
3173 254
3174 3834
3175 1072
3176 4190
3177 3125
3178 3500
3179 4383
3180 772 846 2266 5073 2958 3219 2213 5339 3546 815 5303 3716 4426 819 5576 901 3164 3352 5848 2515 5643 569 5195 2979 4795 4965 4571 4498 2990 1202 2106 1207 1980 2570 3475 5362 4352 6399 4474 1128 5878 6208 1086
3181 6197
3182 5033
3183 1317
3184 4367
3185 3783
3186 5513
3187 318
3188 2254
3189 1960
3190 2399
3191 5519
3192 1850 3378 2934
3193 394
3194 4182
3195 4631
3196 1223
3197 734
3198 5651
3199 4663
3200 731 80 5506 2731 2051 1859 4422 5547 5767 3986
3201 94
3202 682
3203 3894
3204 4069
3205 896
3206 5956 3066 5343 1009
3207 410
3208 4615
3209 6259
3210 2882
3211 1549
3212 3074
3213 5110
3214 3627
3215 5110
3216 2164
3217 806
3218 917
3219 714
3220 1564
3221 6002 3926 61
3222 6333
3223 6363
3224 6318
3225 3218
3226 6380
3227 1041
3228 4081
3229 4549
3230 5323
3231 4549
3232 2666
3233 2290
3234 6145
3235 3328
3236 87
3237 539 4425 3134 2282 5303 4328 4231 4003 6279 4387 356 6164 725 5997 5878 864 4566 5760
3238 4182
3239 4815
3240 3963
3241 3265
3242 5821
3243 2644
3244 3293
3245 5829
3246 6166
3247 1474
3248 318
3249 318
3250 87
3251 3622
3252 159
3253 99
3254 4121
3255 6363
3256 1578
3257 5608
3258 1049
3259 1845
3260 3783
3261 318
3262 6197
3263 3946
3264 2696
3265 2082
3266 550
3267 3566
3268 5211
3269 3698
3270 4182
3271 6333 4498 1122
3272 4328
3273 4820
3274 3203
3275 2074
3276 3257
3277 154
3278 1415
3279 3783
3280 5033
3281 5227
3282 3140
3283 5229
3284 4430
3285 4182
3286 5706
3287 1587
3288 546
3289 4182
3290 1105 4691 458 5674 1634 569 5198 297
3291 2471
3292 1282
3293 5272
3294 5507
3295 717
3296 5216 4049 137 4746
3297 4823
3298 1904
3299 2479
3300 1357
3301 3624
3302 6141
3303 2455
3304 1750
3305 112 4127 4568
3306 5282
3307 2494
3308 3783
3309 2455
3310 3860
3311 2666
3312 6318
3313 3971
3314 3267 816 2978 2820 4228
3315 3017
3316 2964
3317 2004
3318 3323
3319 3814
3320 3200
3321 2231
3322 3077
3323 5474 2431 3977 3897 1468 4000 1882 2927 3600 380 842 5661 3722 4349 693 6016 6068 2155 5404 5032
3324 5736
3325 4182
3326 806
3327 6345
3328 4686
3329 4280 1292 4836 140 5773 5393 5848 1796 181
3330 4938
3331 2072
3332 3290
3333 3140
3334 4182
3335 1554
3336 4717
3337 4949
3338 1508
3339 2179
3340 5020
3341 6318
3342 3726
3343 380 842
3344 1459 1209 4510
3345 4984
3346 1584
3347 213
3348 5510
3349 318
3350 5216
3351 3131
3352 1744 1933
3353 4994
3354 795
3355 1918
3356 921
3357 1377
3358 3783
3359 318
3360 5110
3361 924
3362 1841
3363 4686
3364 6278
3365 5110
3366 4433
3367 5166 4320
3368 4689
3369 2562
3370 4689
3371 5145
3372 1841
3373 4756
3374 438 6004 4461
3375 5062
3376 3265
3377 530
3378 5206
3379 84
3380 291
3381 154
3382 3047 4368 5997 5486 4474
3383 4142
3384 29
3385 867
3386 2543
3387 2455
3388 4286 6164 5035
3389 4686
3390 344
3391 4584 131
3392 4148
3393 2163
3394 1776
3395 2833
3396 2408
3397 3375
3398 2680
3399 5110
3400 4762
3401 245 4338
3402 5931
3403 3783
3404 5703
3405 5606
3406 98
3407 4160
3408 4010
3409 80
3410 277
3411 296
3412 1521
3413 5619
3414 4823
3415 393
3416 4689
3417 6073
3418 502 3177
3419 3294
3420 354
3421 3508
3422 2647
3423 6060 2130
3424 5746
3425 795
3426 2122
3427 1658
3428 52
3429 4337
3430 423
3431 4868
3432 4901 5265 4425 5831
3433 4930
3434 1570
3435 3218
3436 5008
3437 806
3438 4485
3439 2072
3440 4418
3441 4546
3442 4978
3443 507
3444 3265
3445 3422
3446 5242
3447 1413
3448 3833
3449 4574
3450 5951
3451 4761
3452 6318
3453 4558
3454 6248 3561
3455 2049
3456 1169
3457 459
3458 3496
3459 6006
3460 3783
3461 5042
3462 2646 221
3463 5758
3464 6318
3465 1417
3466 1835
3467 2734
3468 1680
3469 5229
3470 795
3471 2354
3472 5371 1145
3473 4063 5997 4930 3167
3474 4669
3475 2468
3476 6149
3477 5338 53 6209 5619
3478 4689
3479 467
3480 1918 200 2032 4426
3481 3302
3482 484
3483 6024
3484 4723
3485 2680
3486 451
3487 2996
3488 5822
3489 1621
3490 5885
3491 2494
3492 5947
3493 3678
3494 3362
3495 5229
3496 6058
3497 3783
3498 3783
3499 4113
3500 1833 4709
3501 5298
3502 467
3503 414
3504 1183
3505 3377
3506 4798
3507 5441
3508 2638
3509 6127
3510 4393
3511 3783
3512 318
3513 3984
3514 4580
3515 4095 3061 1263
3516 5434
3517 4994
3518 2487
3519 1841
3520 5350
3521 4672
3522 87
3523 5033
3524 5216
3525 364
3526 5519
3527 1370
3528 1573
3529 4277
3530 3155
3531 318
3532 4450
3533 2466
3534 507
3535 670
3536 4798
3537 1183
3538 2303
3539 3043
3540 3064
3541 6213
3542 1862
3543 5426
3544 2643 2487 4616 3807
3545 2040
3546 560
3547 1932
3548 3783
3549 318
3550 121
3551 3208
3552 2666
3553 1183
3554 3021
3555 766
3556 305
3557 1059
3558 4809
3559 1845
3560 6166
3561 1932
3562 4878
3563 3288
3564 5618
3565 3981
3566 3783
3567 2487
3568 2681
3569 4691
3570 3354
3571 1500
3572 755
3573 5966
3574 4101
3575 1109
3576 734
3577 4501 5831 4992 2912 5199 2222 6170 231 3570 5532 1504
3578 5811
3579 1528
3580 5797
3581 680
3582 4633
3583 2049
3584 1474
3585 2408
3586 6390
3587 1809
3588 5824
3589 2833
3590 1821
3591 934
3592 2861
3593 318
3594 3783
3595 4674
3596 1895
3597 3775
3598 2262
3599 47
3600 4008
3601 5004
3602 591
3603 4144
3604 4268
3605 318
3606 177
3607 1474
3608 2455
3609 3087
3610 6001
3611 13
3612 1013
3613 1264
3614 5110
3615 1487
3616 3929
3617 6166
3618 897
3619 3238
3620 5582
3621 4930
3622 5361
3623 318
3624 30
3625 2630
3626 3783
3627 5696
3628 1549
3629 4939
3630 3731
3631 5250
3632 467
3633 467
3634 5196
3635 1416 1825 5111 4407 3363 1867 3078 3575 5864 168
3636 6318
3637 2307 3964 4812 5317 4740 5061
3638 4501 1863
3639 2167
3640 4514
3641 3481
3642 318
3643 1405
3644 1999
3645 3391 4961 4141
3646 1936
3647 6143
3648 4206
3649 426
3650 5789
3651 6340
3652 3341 3893 1045
3653 1287
3654 246
3655 2709
3656 4549
3657 4469
3658 1183
3659 6182
3660 3395
3661 5657
3662 4435
3663 2545
3664 1919
3665 1063
3666 87
3667 4063
3668 3971
3669 1376
3670 2482
3671 4093 1145
3672 6346
3673 87
3674 2405 2017
3675 5428
3676 5191
3677 4384
3678 3909 3180 3793
3679 6058
3680 4010
3681 3659
3682 1563
3683 292
3684 6073
3685 1237
3686 4822
3687 2906
3688 3783
3689 4686
3690 4202
3691 5088
3692 2755
3693 4823
3694 2230
3695 1377
3696 5104
3697 1208
3698 1576
3699 4550 5760
3700 3937
3701 1919
3702 4489
3703 3031
3704 1183
3705 395
3706 3669
3707 5667
3708 449 1466 838 1534 3258 6338 3708 1457 2770 2750
3709 6344 3771 3536
3710 958
3711 502
3712 318
3713 4367
3714 1261
3715 2504
3716 1584
3717 734
3718 4346 4501 5045 3378 2487 4134 1814 6334 3069 6102 2059 3485 4991 32 4689 1710 1174 3947 5889 1346 2870 2912 1781 754 1383 1489 927 1654 766 4549 1108 4063 673 4188 3259 4228 1802 722 2339 4930 2746 2087 4102 699 464 6238 2130 2358 3118 1504
3719 6248
3720 5178
3721 1169
3722 2354
3723 3140
3724 3814
3725 1269
3726 5938
3727 3285
3728 5667
3729 5246
3730 4017
3731 3031
3732 4247
3733 5770
3734 1807 6347
3735 2666
3736 6319
3737 5252
3738 5271
3739 1384
3740 5080
3741 5321
3742 4055
3743 5718
3744 1080
3745 6223
3746 3751
3747 5762
3748 1769 5851 4852 2402
3749 4734
3750 2683
3751 2122
3752 5759
3753 560
3754 1183
3755 6187
3756 2369
3757 341
3758 3302
3759 5110
3760 1048
3761 52
3762 5441
3763 318
3764 1308
3765 795
3766 5292
3767 2083 5062
3768 2092 3037 3453 5885
3769 3583
3770 3630 121 339
3771 6137
3772 4222
3773 1570
3774 6142
3775 2168 3146
3776 2133
3777 5642
3778 2088
3779 5619
3780 282 993 352 2069 411 6087 2772 6176 2646 4373 1810 1018 5201 1342 635 5959 1540 2578 5384 862 6004 4768 1403 3948 4966 1645 1168 4461
3781 4138
3782 2629
3783 4663
3784 3878
3785 1183
3786 2699 1654 5695 3118
3787 1183
3788 933
3789 6358
3790 5285
3791 4774
3792 2871
3793 957
3794 655 58 850 4646 3841 788 5372 5763 2719 4848 1868 1321 1637 4525
3795 2552
3796 1269
3797 2455
3798 2643
3799 86
3800 4691 1778 3927 618 5997
3801 5857
3802 2724
3803 4691 5579
3804 1316
3805 94
3806 4182
3807 1183
3808 5762
3809 3836
3810 761
3811 4207
3812 205
3813 6052
3814 6216
3815 1183
3816 3374
3817 6248 3317
3818 2671
3819 3140
3820 4415
3821 3151
3822 2218
3823 3529
3824 1183
3825 795
3826 5887
3827 2681
3828 1214
3829 4858
3830 318
3831 4695
3832 1915
3833 4689
3834 5079
3835 1396
3836 5818
3837 2049
3838 507
3839 2361
3840 4955 3429 839
3841 2416
3842 3294
3843 2438
3844 1183
3845 3215
3846 5879
3847 3662 5451 63
3848 2833
3849 1035
3850 4182
3851 1452
3852 1188 2877
3853 4418
3854 5212
3855 4003
3856 1316
3857 2626
3858 4546 5125
3859 5672
3860 1031
3861 3265
3862 1925
3863 1614
3864 1897
3865 5611
3866 1587
3867 1494
3868 1597
3869 4575
3870 1997
3871 1397
3872 4117
3873 550
3874 4148
3875 5878
3876 4719
3877 3913
3878 4306
3879 4247
3880 1868 4714 5420 1257 1981 4062
3881 6348
3882 4274
3883 4182
3884 5510
3885 2576
3886 647
3887 4550
3888 376
3889 573
3890 3783
3891 333
3892 1542
3893 891
3894 438
3895 5277
3896 2492
3897 3567
3898 1187
3899 2492
3900 4505
3901 2594 4933
3902 1723
3903 2258
3904 4110
3905 2269
3906 2272
3907 650
3908 389
3909 1183
3910 451
3911 4689 806
3912 451
3913 2283
3914 1245
3915 965
3916 2286 5709 1017 3745 4740 5980
3917 5770 3157
3918 4444
3919 1183
3920 5620
3921 3976 5555
3922 4930
3923 3
3924 5033
3925 4920
3926 5110
3927 1200
3928 3945
3929 2844
3930 4450
3931 169
3932 5189
3933 741
3934 3702
3935 4689
3936 4450
3937 3956
3938 86
3939 2800
3940 2549
3941 4015
3942 144
3943 4549
3944 102
3945 6363
3946 6085
3947 780
3948 2685
3949 4893
3950 304
3951 3737
3952 20
3953 4663
3954 2375
3955 4501 1044 4823 5531
3956 2884 1948 1696
3957 4165
3958 2049
3959 3106
3960 2839
3961 3562
3962 5528
3963 2060
3964 2
3965 2234
3966 2820
3967 1183
3968 1499
3969 5620
3970 614
3971 2510
3972 3783
3973 2680
3974 167
3975 3118
3976 6318
3977 127
3978 4676
3979 5811
3980 5062
3981 3304
3982 856
3983 5564
3984 3619
3985 667
3986 5721
3987 4010
3988 2709
3989 1219
3990 942 5769
3991 4676
3992 6302
3993 4930
3994 1845
3995 5483
3996 1747 502 3257 4498 864
3997 524
3998 318
3999 4003 4474
4000 318
4001 1978
4002 5471
4003 573
4004 2972
4005 4012
4006 2486
4007 1947
4008 4043
4009 1034
4010 1183
4011 1370
4012 5997 5021 4631 2919
4013 1183
4014 1581
4015 2655
4016 4488 369 3691 2389
4017 3959
4018 2643
4019 5307
4020 2956
4021 3435
4022 3304
4023 5974
4024 5466 1108
4025 5364 1766 178 1047 3683 1551 4201 5527 2182 5579 5290 6235 145 575
4026 6037
4027 3971
4028 206
4029 4727
4030 4384
4031 1183
4032 305
4033 5235 3583
4034 3237
4035 131 3154 2801 3185
4036 6103
4037 2180
4038 2232
4039 5378
4040 4994
4041 4433
4042 1418
4043 4663 3177
4044 561
4045 4433
4046 1790
4047 4689
4048 2391
4049 3856 3157
4050 5353
4051 4375
4052 2666
4053 4172
4054 1744
4055 3566
4056 3217
4057 3328
4058 4138
4059 405
4060 6372
4061 3293
4062 3783
4063 3566
4064 1542
4065 4269
4066 1691
4067 5395
4068 410
4069 2231
4070 668
4071 5510
4072 286
4073 4909
4074 5869 3223
4075 5309
4076 5996
4077 2082
4078 4274
4079 3645
4080 185
4081 2169
4082 4592
4083 3106
4084 1183
4085 87
4086 6318
4087 1968 4549 3259 4144
4088 5841
4089 4367
4090 2984
4091 1484
4092 4233
4093 4842
4094 409
4095 2627
4096 6278
4097 1308
4098 1578
4099 1425 6028
4100 6151
4101 4872
4102 5976 4008 1985
4103 6223
4104 42
4105 3658
4106 1626
4107 2666
4108 1296
4109 2122
4110 246
4111 3783
4112 191
4113 2585
4114 154
4115 109
4116 1841
4117 3929
4118 2498
4119 3307
4120 3726
4121 961
4122 3994
4123 659 5224 3577 2320
4124 4940
4125 5614
4126 6318
4127 4631
4128 3401
4129 5613
4130 4663
4131 3265
4132 2378 4345 3298
4133 1001
4134 6260
4135 1494
4136 4900
4137 5652
4138 6363 3467 1234 5613 5760
4139 1515
4140 3699 2773 4743 1726 6130
4141 2455
4142 1765
4143 1701
4144 3236
4145 6367
4146 5328 6265
4147 4930
4148 795
4149 1814 5173
4150 4199
4151 3414
4152 3644
4153 1841
4154 3971
4155 5062
4156 5811 2480 322 1209
4157 5485
4158 4145
4159 4895
4160 3735
4161 581
4162 724
4163 4182
4164 2709
4165 1183
4166 2906
4167 4247
4168 1005
4169 4210
4170 1115
4171 4997
4172 3791
4173 850 2761 1284
4174 4125
4175 5062
4176 3497
4177 3265
4178 3725
4179 4856
4180 3480
4181 1184
4182 3331
4183 2549
4184 4689
4185 305
4186 1183
4187 3839
4188 2793 3455 4431 1077
4189 2479
4190 4694
4191 1548
4192 1928
4193 2061 2923
4194 1500
4195 4913
4196 3767
4197 1218
4198 5110
4199 3748
4200 2956
4201 6313
4202 2666
4203 1100
4204 16 5173 5416 759 2256
4205 6072
4206 36
4207 5216
4208 3118
4209 1818
4210 2072 1684 1466 6354 5389 4759
4211 3422 5061
4212 1269
4213 5033
4214 2666
4215 2471
4216 712
4217 4241
4218 2231
4219 5110
4220 1543
4221 3177
4222 494
4223 3087
4224 2988
4225 1930
4226 47
4227 5346
4228 1264
4229 3516
4230 5971
4231 2278
4232 5882
4233 3114
4234 5924
4235 3187
4236 2109
4237 4524
4238 5304
4239 4073
4240 6166
4241 5744
4242 4130
4243 98
4244 4756
4245 4274
4246 87
4247 4280
4248 3804
4249 4689
4250 1183
4251 5254
4252 5540
4253 2272
4254 6318
4255 2754
4256 5492
4257 1427
4258 2037
4259 2868
4260 2254
4261 3377
4262 1623
4263 2056
4264 3362
4265 689
4266 6217
4267 5033
4268 2649
4269 3008
4270 902
4271 3972
4272 109
4273 1183
4274 1528
4275 410
4276 1108 3504 3165
4277 5105
4278 1841
4279 3044
4280 4244
4281 6270
4282 4592
4283 6057
4284 6144
4285 3566
4286 3143
4287 1951 3401 6075
4288 5978
4289 479
4290 5669
4291 3530
4292 3984
4293 412
4294 3441
4295 2740
4296 3756
4297 5978
4298 4316
4299 4549
4300 2634
4301 1765
4302 5484 708 2871 5647 1873 534
4303 569
4304 3671
4305 1587
4306 442
4307 1697
4308 4823
4309 5822
4310 1493
4311 5825
4312 537
4313 573
4314 1446
4315 410
4316 1525
4317 961
4318 189 4324 469 6230 2648 5711 121 4880 3952 5619 2666
4319 1415
4320 4930
4321 4823
4322 2543
4323 5814
4324 6356
4325 6318
4326 4302 4151 217
4327 3396
4328 682
4329 1850
4330 5033
4331 5450
4332 5033
4333 2447
4334 4549
4335 4138
4336 6166
4337 576
4338 5645
4339 1183
4340 87
4341 3053
4342 2855
4343 5316
4344 6358
4345 1269
4346 733
4347 3265
4348 1841
4349 2013
4350 52
4351 3679
4352 482
4353 581
4354 6167
4355 4873
4356 1799
4357 1261
4358 3140
4359 795
4360 1636 502 544 3331 3304 6322 3437 3177
4361 1192
4362 4384
4363 2283
4364 5277
4365 4930
4366 2605
4367 5516
4368 318
4369 6274 5542
4370 6188
4371 5736
4372 4388
4373 1644
4374 3655
4375 3065
4376 4874 3362
4377 5306
4378 5017
4379 963
4380 4227
4381 3525 596 713 3684
4382 4181
4383 4686
4384 1145 1206 1793
4385 470
4386 2828
4387 94
4388 5163
4389 2226
4390 4689
4391 2650
4392 4469
4393 3265
4394 5419
4395 2072
4396 1444
4397 5736
4398 1231
4399 138
4400 6362
4401 806
4402 5954 3201
4403 318
4404 5941
4405 3211
4406 5893
4407 6318
4408 4145
4409 1194
4410 4061
4411 1183
4412 688
4413 6276 2945
4414 5331
4415 4869
4416 4798
4417 4001
4418 2122
4419 318
4420 1298
4421 1967 271 2551 1095
4422 2831
4423 4962 4231 3915 5619
4424 3783
4425 6350 3295 3225 5180 196 914 5733 3778 3177 2320
4426 3425
4427 3740 3747 4421 1594 4155
4428 826 5997
4429 2283
4430 5509
4431 907
4432 1850
4433 3265
4434 5418
4435 5828
4436 3744
4437 6142
4438 5418
4439 3419
4440 6152
4441 318
4442 5378
4443 1183
4444 806
4445 1528
4446 328 80 728 5632 4871
4447 3884
4448 4689
4449 4011
4450 4019
4451 3021
4452 4994
4453 5418
4454 3106
4455 6057
4456 4914
4457 5901
4458 87
4459 573
4460 3904
4461 5368
4462 571
4463 5792
4464 318
4465 5811 5770 2450 5860 1188 5174
4466 1590
4467 3672
4468 5289
4469 4726
4470 4418
4471 6278
4472 3140
4473 238 5085
4474 1349
4475 986
4476 3320
4477 5264
4478 4358
4479 2833
4480 2751
4481 6073
4482 4910
4483 6008
4484 1537
4485 6356
4486 6318
4487 5472
4488 6268
4489 5962
4490 6283
4491 3265
4492 5322
4493 5024
4494 1652
4495 4541
4496 3323
4497 4212
4498 3645
4499 2666
4500 5361
4501 2287
4502 3870
4503 5012
4504 3845
4505 2438
4506 4547
4507 3520
4508 2989
4509 682
4510 3070
4511 598
4512 4158 1837
4513 6071
4514 1918 2469 1490 3033 1476 767 3392 478 2032 5094 2346 4823 4576 1800 2185 5988 2190 2718 4352 1982 5600 3974
4515 3377
4516 1183
4517 4549
4518 3526
4519 4182
4520 717
4521 906
4522 3653
4523 5902
4524 2306
4525 4182
4526 5718 3224
4527 5718
4528 943 4000 2023 380
4529 3444
4530 3866
4531 858
4532 3125
4533 4384
4534 2467
4535 3804
4536 4726
4537 769
4538 6356
4539 3328
4540 4079 2706 2348
4541 4149 5633
4542 318
4543 2290
4544 5902
4545 6278
4546 3836
4547 4797 2687
4548 5658
4549 5997 2093
4550 4549
4551 2438
4552 1155
4553 2049
4554 2630
4555 3548
4556 1183
4557 2408
4558 2231
4559 2306
4560 1183
4561 3241
4562 5441
4563 3369
4564 4689
4565 4689 4063
4566 4367
4567 2638 520
4568 1705
4569 3016
4570 467
4571 4392
4572 3638
4573 3744
4574 891
4575 5033
4576 2706
4577 5033
4578 1109
4579 2489
4580 5277
4581 432
4582 318
4583 2367
4584 5394
4585 6257
4586 292
4587 4057
4588 3961
4589 5289
4590 3652
4591 3497
4592 1183
4593 6216
4594 2490
4595 2455
4596 1709
4597 1183
4598 1882
4599 1637 4938
4600 4623
4601 6011
4602 3328
4603 2774 4922 3116 3631 2371 3025
4604 4594
4605 2299
4606 3345
4607 4798
4608 1927
4609 187
4610 4823
4611 121 766 4269 3177 3118
4612 1183
4613 1501
4614 1183
4615 682
4616 4050
4617 410
4618 1111 3148
4619 160
4620 1183
4621 4886
4622 3177
4623 20
4624 37
4625 1843
4626 2048
4627 3130
4628 1304
4629 4469
4630 4381
4631 1742
4632 2800
4633 5284
4634 5701
4635 1921
4636 3140
4637 5029
4638 2630
4639 3077
4640 5997
4641 2850
4642 2042
4643 6242
4644 1557
4645 318
4646 842
4647 3669
4648 117
4649 681 4535
4650 4418
